{"model":"multimodalembedding@001","docs":[{"type":"image","name":"ActionFigure1.jpg"},{"type":"image","name":"ActionFigure2.jpg"},{"type":"image","name":"ActionFigure3.jpg"},{"type":"image","name":"ActionFigure4.jpg"},{"type":"image","name":"ActionFigure5.jpg"},{"type":"image","name":"ActionFigure6.jpg"},{"type":"image","name":"ActionFigure7.jpg"},{"type":"image","name":"ActionFigure8.jpg"},{"type":"image","name":"ActionFigure9.jpg"},{"type":"image","name":"ActionFigure10.jpg"},{"type":"image","name":"Basketball1.jpg"},{"type":"image","name":"Basketball2.jpg"},{"type":"image","name":"Basketball3.jpg"},{"type":"image","name":"Basketball4.jpg"},{"type":"image","name":"Basketball5.jpg"},{"type":"image","name":"Basketball6.jpg"},{"type":"image","name":"Basketball7.jpg"},{"type":"image","name":"Basketball8.jpg"},{"type":"image","name":"Basketball9.jpg"},{"type":"image","name":"Basketball10.jpg"},{"type":"image","name":"Blender1.jpg"},{"type":"image","name":"Blender2.jpg"},{"type":"image","name":"Blender3.jpg"},{"type":"image","name":"Blender4.jpg"},{"type":"image","name":"Blender5.jpg"},{"type":"image","name":"Blender6.jpg"},{"type":"image","name":"Blender7.jpg"},{"type":"image","name":"Blender8.jpg"},{"type":"image","name":"Blender9.jpg"},{"type":"image","name":"Blender10.jpg"},{"type":"image","name":"DeskLamp1.jpg"},{"type":"image","name":"DeskLamp2.jpg"},{"type":"image","name":"DeskLamp3.jpg"},{"type":"image","name":"DeskLamp4.jpg"},{"type":"image","name":"DeskLamp5.jpg"},{"type":"image","name":"DeskLamp6.jpg"},{"type":"image","name":"DeskLamp7.jpg"},{"type":"image","name":"DeskLamp8.jpg"},{"type":"image","name":"DeskLamp9.jpg"},{"type":"image","name":"DeskLamp10.jpg"},{"type":"image","name":"Laptop1.jpg"},{"type":"image","name":"Laptop2.jpg"},{"type":"image","name":"Laptop3.jpg"},{"type":"image","name":"Laptop4.jpg"},{"type":"image","name":"Laptop5.jpg"},{"type":"image","name":"Laptop6.jpg"},{"type":"image","name":"Laptop7.jpg"},{"type":"image","name":"Laptop8.jpg"},{"type":"image","name":"Laptop9.jpg"},{"type":"image","name":"Laptop10.jpg"},{"type":"image","name":"OfficeChair1.jpg"},{"type":"image","name":"OfficeChair2.jpg"},{"type":"image","name":"OfficeChair3.jpg"},{"type":"image","name":"OfficeChair4.jpg"},{"type":"image","name":"OfficeChair5.jpg"},{"type":"image","name":"OfficeChair7.jpg"},{"type":"image","name":"OfficeChair8.jpg"},{"type":"image","name":"OfficeChair9.jpg"},{"type":"image","name":"OfficeChair10.jpg"},{"type":"image","name":"RunningShoes1.jpg"},{"type":"image","name":"RunningShoes2.jpg"},{"type":"image","name":"RunningShoes3.jpg"},{"type":"image","name":"RunningShoes4.jpg"},{"type":"image","name":"RunningShoes5.jpg"},{"type":"image","name":"RunningShoes6.jpg"},{"type":"image","name":"RunningShoes7.jpg"},{"type":"image","name":"RunningShoes8.jpg"},{"type":"image","name":"RunningShoes9.jpg"},{"type":"image","name":"RunningShoes10.jpg"},{"type":"image","name":"SmartPhone1.jpg"},{"type":"image","name":"SmartPhone2.jpg"},{"type":"image","name":"SmartPhone3.jpg"},{"type":"image","name":"SmartPhone4.jpg"},{"type":"image","name":"SmartPhone5.jpg"},{"type":"image","name":"SmartPhone6.jpg"},{"type":"image","name":"SmartPhone7.jpg"},{"type":"image","name":"SmartPhone8.jpg"},{"type":"image","name":"SmartPhone9.jpg"},{"type":"image","name":"SmartPhone10.jpg"},{"type":"image","name":"TV1.jpg"},{"type":"image","name":"TV2.jpg"},{"type":"image","name":"TV3.jpg"},{"type":"image","name":"TV4.jpg"},{"type":"image","name":"TV5.jpg"},{"type":"image","name":"TV6.jpg"},{"type":"image","name":"TV7.jpg"},{"type":"image","name":"TV8.jpg"},{"type":"image","name":"TV9.jpg"},{"type":"image","name":"TV10.jpg"},{"type":"image","name":"VaccumCleaner1.jpg"},{"type":"image","name":"VaccumCleaner2.jpg"},{"type":"image","name":"VaccumCleaner3.jpg"},{"type":"image","name":"VaccumCleaner4.jpg"},{"type":"image","name":"VaccumCleaner5.jpg"},{"type":"image","name":"VaccumCleaner6.jpg"},{"type":"image","name":"VaccumCleaner8.jpg"},{"type":"image","name":"VaccumCleaner9.jpg"},{"type":"image","name":"VaccumCleaner10.jpg"},{"type":"image","name":"Warehouse1.jpg"},{"type":"image","name":"Warehouse2.jpg"},{"type":"image","name":"Warehouse3.jpg"},{"type":"image","name":"Warehouse4.jpg"},{"type":"image","name":"Warehouse5.jpg"},{"type":"image","name":"Warehouse6.jpg"},{"type":"image","name":"Warehouse7.jpg"},{"type":"image","name":"Warehouse8.jpg"},{"type":"image","name":"Warehouse9.jpg"},{"type":"image","name":"Warehouse10.jpg"},{"type":"text","name":"Warehouse"},{"type":"text","name":"Blender"},{"type":"text","name":"Laptop"},{"type":"text","name":"Office Chair"},{"type":"text","name":"Action Figures"},{"type":"text","name":"Basketball"},{"type":"text","name":"Vacuum Cleaner"},{"type":"text","name":"Smart Phones"},{"type":"text","name":"Smart TV"},{"type":"text","name":"Running Shoes"}],"similarity":[[1,0.72545,0.63612,0.48256,0.5477,0.55828,0.52324,0.42711,0.53668,0.33616,0.47385,0.45703,0.35732,0.42063,0.50314,0.5584,0.38763,0.48195,0.33276,0.49975,0.40322,0.38612,0.42948,0.47097,0.35844,0.32381,0.37149,0.53975,0.34312,0.44565,0.32319,0.54926,0.4854,0.41664,0.59887,0.42978,0.41809,0.3983,0.36908,0.45966,0.37671,0.45698,0.43234,0.52956,0.30021,0.43045,0.35073,0.44819,0.35817,0.46463,0.38395,0.40772,0.3173,0.36154,0.31557,0.40518,0.35407,0.38705,0.38395,0.59261,0.52026,0.50499,0.51164,0.46323,0.50615,0.52265,0.38865,0.48705,0.49218,0.58334,0.53738,0.43262,0.43735,0.5446,0.55393,0.29762,0.36738,0.40362,0.32375,0.4324,0.48928,0.43829,0.41604,0.33947,0.45856,0.4439,0.41157,0.4324,0.44852,0.58138,0.48896,0.41471,0.50192,0.48097,0.47772,0.44018,0.50542,0.37635,0.47616,0.52016,0.55597,0.54588,0.57146,0.54165,0.4901,0.52588,0.50179,0.54307,0.03785,0.03589,0.02502,0.02085,0.11896,0.01764,0.03345,0.05433,0.05005,0.03583],[0.72545,1,0.69319,0.57088,0.4962,0.51598,0.52919,0.45189,0.54888,0.33588,0.47967,0.45975,0.36229,0.38525,0.51187,0.52128,0.35236,0.47521,0.32757,0.51467,0.33636,0.32849,0.36575,0.46567,0.34462,0.28282,0.28305,0.47866,0.32657,0.44619,0.28329,0.4646,0.43062,0.34376,0.50577,0.41182,0.38083,0.34498,0.31177,0.39257,0.32192,0.45721,0.42519,0.52678,0.24551,0.41243,0.31316,0.41363,0.26734,0.43883,0.39583,0.34058,0.28861,0.3649,0.2769,0.33447,0.2952,0.37692,0.39583,0.55452,0.53452,0.45226,0.45129,0.46193,0.49247,0.45989,0.38181,0.47834,0.47983,0.50975,0.53368,0.35007,0.3729,0.54068,0.46637,0.23563,0.32852,0.32692,0.26435,0.43797,0.49623,0.44933,0.4132,0.33463,0.45477,0.38071,0.34427,0.43797,0.38043,0.48344,0.41183,0.30804,0.44431,0.38668,0.41677,0.40029,0.45032,0.31309,0.45382,0.48255,0.49427,0.46648,0.50882,0.46227,0.42402,0.44896,0.43429,0.48003,0.03645,0.02921,0.03436,0.0266,0.13359,0.02492,0.0275,0.04769,0.04436,0.03842],[0.63612,0.69319,1,0.64189,0.52242,0.52034,0.64602,0.48129,0.66429,0.41241,0.46287,0.45188,0.3653,0.35933,0.46513,0.43348,0.35789,0.46788,0.33604,0.47994,0.28282,0.33472,0.34362,0.44133,0.33631,0.23796,0.2662,0.39864,0.32716,0.41669,0.26402,0.38643,0.44192,0.3,0.42946,0.41595,0.39914,0.30193,0.28184,0.3837,0.33313,0.48451,0.44023,0.53997,0.20013,0.47493,0.27896,0.46307,0.27009,0.43077,0.39233,0.30746,0.30894,0.32609,0.27689,0.28909,0.26666,0.40468,0.39233,0.47336,0.48501,0.44717,0.39188,0.53333,0.51593,0.39902,0.42783,0.5396,0.44411,0.44478,0.55587,0.30557,0.3464,0.54472,0.41436,0.26803,0.33565,0.27965,0.20187,0.45332,0.42555,0.5167,0.41433,0.3178,0.45478,0.34978,0.28886,0.45332,0.31183,0.40953,0.40434,0.27901,0.42897,0.3532,0.38364,0.40569,0.40318,0.29245,0.42906,0.44712,0.43625,0.42424,0.43781,0.41919,0.37802,0.39355,0.36227,0.40975,0.02898,0.02237,0.02504,0.03043,0.11619,0.01339,0.02715,0.04511,0.02676,0.0303],[0.48256,0.57088,0.64189,1,0.51985,0.50544,0.6006,0.48647,0.60628,0.39392,0.42652,0.43066,0.33212,0.33638,0.43089,0.41481,0.37067,0.43802,0.32926,0.45451,0.29984,0.32687,0.33508,0.42966,0.3533,0.28729,0.25788,0.40376,0.31236,0.41862,0.27331,0.383,0.43996,0.30192,0.4132,0.40908,0.38083,0.30456,0.28317,0.3791,0.31317,0.46307,0.4486,0.51609,0.22849,0.46543,0.31285,0.4322,0.23524,0.46349,0.38654,0.28602,0.31631,0.29906,0.26129,0.27292,0.24993,0.40876,0.38654,0.44057,0.46354,0.41342,0.36519,0.47484,0.45987,0.36217,0.38691,0.50208,0.44799,0.41947,0.5389,0.28781,0.31419,0.4987,0.38945,0.24713,0.31389,0.28868,0.25046,0.48064,0.41094,0.5112,0.4478,0.32344,0.47189,0.37716,0.29688,0.48064,0.33711,0.39497,0.38392,0.26572,0.40145,0.33226,0.37933,0.40941,0.38643,0.27346,0.42584,0.44005,0.42691,0.40867,0.41458,0.41628,0.35961,0.37923,0.37228,0.37083,0.02351,0.03149,0.02338,0.02189,0.09397,0.01204,0.02433,0.02988,0.0349,0.02581],[0.5477,0.4962,0.52242,0.51985,1,0.53976,0.58309,0.42067,0.52746,0.31865,0.43232,0.42625,0.34991,0.33043,0.49289,0.4292,0.33034,0.44868,0.32921,0.48476,0.31041,0.31704,0.29468,0.45169,0.36819,0.29163,0.23041,0.42413,0.30376,0.43188,0.29985,0.43314,0.47371,0.33447,0.47526,0.44596,0.41554,0.35714,0.31555,0.40411,0.27211,0.48107,0.43961,0.50865,0.21215,0.43094,0.27699,0.40941,0.22135,0.46314,0.41329,0.33494,0.3533,0.34909,0.29888,0.3141,0.30962,0.41249,0.41329,0.48426,0.47097,0.45979,0.42944,0.40601,0.44117,0.39375,0.32638,0.48645,0.48477,0.4774,0.50411,0.31062,0.30317,0.46405,0.42552,0.2137,0.28403,0.28295,0.22034,0.44601,0.39123,0.44785,0.42661,0.28691,0.42348,0.3381,0.26999,0.44601,0.317,0.42507,0.42643,0.28622,0.44066,0.34873,0.40398,0.38035,0.4287,0.31165,0.43726,0.47505,0.44956,0.43203,0.43903,0.4274,0.38374,0.4097,0.40796,0.41346,0.02312,0.03736,0.02938,0.02602,0.101,0.01231,0.03686,0.04883,0.02098,0.02105],[0.55828,0.51598,0.52034,0.50544,0.53976,1,0.5051,0.48276,0.51016,0.32331,0.42686,0.40277,0.31679,0.3208,0.43093,0.40628,0.31094,0.42115,0.31487,0.44563,0.34905,0.36561,0.3304,0.47389,0.37114,0.33231,0.30744,0.46003,0.33957,0.45246,0.31554,0.43531,0.48525,0.35409,0.49001,0.47092,0.43261,0.34706,0.33346,0.41541,0.31141,0.50735,0.49512,0.51648,0.25983,0.46346,0.30869,0.44104,0.25305,0.50621,0.44552,0.32665,0.32664,0.33442,0.31151,0.30915,0.29252,0.42706,0.44552,0.48461,0.47213,0.45721,0.43918,0.43127,0.43729,0.38446,0.3554,0.42705,0.44538,0.47871,0.51192,0.35891,0.37243,0.50389,0.4157,0.25439,0.34247,0.31252,0.26182,0.50022,0.43014,0.4686,0.48522,0.32282,0.48451,0.39416,0.34327,0.50022,0.38908,0.42505,0.43647,0.28459,0.44904,0.36713,0.42032,0.41701,0.45055,0.32168,0.47905,0.50748,0.50574,0.48294,0.49548,0.46825,0.41971,0.45011,0.44641,0.46459,0.03342,0.04354,0.0315,0.01999,0.14427,0.02568,0.02788,0.04422,0.02032,0.03531],[0.52324,0.52919,0.64602,0.6006,0.58309,0.5051,1,0.45811,0.61786,0.35118,0.41865,0.4129,0.34059,0.36287,0.4289,0.405,0.38936,0.42441,0.34013,0.4466,0.2739,0.30258,0.28077,0.39959,0.30528,0.27672,0.25454,0.37014,0.33742,0.40765,0.29907,0.37112,0.41361,0.30039,0.41249,0.40072,0.3675,0.30622,0.28287,0.37527,0.32891,0.4324,0.39168,0.48868,0.1908,0.45023,0.28644,0.45444,0.27104,0.40409,0.3738,0.2858,0.29457,0.31331,0.26732,0.30704,0.26184,0.39495,0.3738,0.42782,0.44914,0.40151,0.357,0.46212,0.48965,0.3534,0.36743,0.48402,0.43658,0.41632,0.51144,0.30742,0.32556,0.49911,0.40926,0.25775,0.3168,0.27624,0.22054,0.42727,0.40681,0.47228,0.39679,0.32325,0.43773,0.36085,0.31968,0.42727,0.31842,0.42048,0.37559,0.30717,0.41078,0.36105,0.36136,0.3975,0.37251,0.31696,0.40391,0.40603,0.4115,0.39539,0.4121,0.40242,0.35847,0.37679,0.35705,0.3584,0.0318,0.02097,0.0213,0.02531,0.1024,0.01888,0.02435,0.04997,0.03118,0.0335],[0.42711,0.45189,0.48129,0.48647,0.42067,0.48276,0.45811,1,0.45565,0.36651,0.27462,0.29469,0.24458,0.30843,0.29878,0.31335,0.25025,0.28991,0.20542,0.30384,0.21135,0.22526,0.21713,0.26501,0.23519,0.17729,0.17602,0.27987,0.20001,0.24056,0.21164,0.26197,0.32106,0.21351,0.28909,0.28152,0.26961,0.23367,0.21139,0.26895,0.2388,0.31253,0.30277,0.31616,0.21776,0.30342,0.27844,0.32273,0.23655,0.32119,0.27165,0.22927,0.2491,0.2134,0.22589,0.24326,0.24188,0.27625,0.27165,0.33591,0.33501,0.32089,0.27008,0.34335,0.35365,0.2791,0.29954,0.38182,0.33284,0.29834,0.35573,0.25458,0.24718,0.36357,0.30484,0.20634,0.28541,0.24789,0.23513,0.30712,0.32206,0.30664,0.2866,0.23575,0.30806,0.29073,0.25711,0.30712,0.27652,0.2965,0.29657,0.24985,0.27496,0.2503,0.25712,0.28007,0.26109,0.2217,0.29962,0.3061,0.3364,0.30952,0.33458,0.30541,0.29787,0.29499,0.29774,0.30135,0.02472,0.02393,0.00551,0.0052,0.10005,0.00355,0.0018,0.03477,0.00289,0.01531],[0.53668,0.54888,0.66429,0.60628,0.52746,0.51016,0.61786,0.45565,1,0.4114,0.42518,0.42355,0.32693,0.33812,0.44946,0.4203,0.35624,0.43811,0.29732,0.45451,0.3042,0.2996,0.31887,0.419,0.32399,0.24092,0.28366,0.39693,0.31575,0.40775,0.29305,0.38873,0.45251,0.29733,0.41585,0.42345,0.39617,0.321,0.29302,0.38965,0.30842,0.43801,0.40892,0.51131,0.21972,0.44644,0.26586,0.4265,0.27583,0.40107,0.36855,0.27065,0.29786,0.31329,0.26221,0.29542,0.25679,0.4032,0.36855,0.44506,0.45589,0.41478,0.37769,0.48092,0.48594,0.36899,0.40413,0.51525,0.44393,0.43698,0.51133,0.28965,0.30367,0.51552,0.39272,0.227,0.30374,0.28058,0.22717,0.43703,0.41935,0.49628,0.41553,0.33023,0.45441,0.3478,0.29888,0.43703,0.32401,0.40001,0.36559,0.28513,0.37691,0.34588,0.36898,0.37532,0.38555,0.26953,0.41012,0.42325,0.42683,0.42475,0.42379,0.40184,0.36676,0.38067,0.37702,0.39739,0.0325,0.03481,0.02772,0.03782,0.09889,0.01279,0.03098,0.04802,0.02888,0.02775],[0.33616,0.33588,0.41241,0.39392,0.31865,0.32331,0.35118,0.36651,0.4114,1,0.16917,0.14025,0.13013,0.22473,0.17064,0.21834,0.17004,0.14668,0.09599,0.15321,0.14052,0.16274,0.23033,0.16129,0.11793,0.10714,0.11438,0.16447,0.12268,0.14636,0.16055,0.18437,0.16481,0.1511,0.19222,0.16667,0.14069,0.17613,0.15321,0.16246,0.22045,0.17164,0.14093,0.21598,0.21129,0.18477,0.20826,0.21325,0.15922,0.15719,0.14039,0.17285,0.13642,0.14365,0.15375,0.17993,0.17491,0.16162,0.14039,0.23248,0.18371,0.17002,0.17726,0.30005,0.30813,0.24953,0.25691,0.2597,0.19594,0.22499,0.2389,0.17335,0.20308,0.21542,0.24562,0.15757,0.22674,0.18239,0.16025,0.18564,0.22084,0.23295,0.13549,0.19585,0.21429,0.2045,0.16052,0.18564,0.17941,0.22423,0.18333,0.20334,0.18638,0.18302,0.16458,0.16339,0.18294,0.16015,0.1864,0.17631,0.208,0.22018,0.2221,0.22055,0.22127,0.2056,0.17531,0.17932,0.02691,0.01617,0.01062,0.02446,0.07813,0.00175,0.01681,0.02713,0.01643,0.01642],[0.47385,0.47967,0.46287,0.42652,0.43232,0.42686,0.41865,0.27462,0.42518,0.16917,1,0.79658,0.70233,0.53067,0.84013,0.75881,0.60871,0.84828,0.61681,0.84869,0.42325,0.40278,0.38419,0.57844,0.43888,0.36509,0.3347,0.53016,0.44449,0.54965,0.33737,0.4761,0.5187,0.39707,0.49305,0.49616,0.47418,0.37241,0.34961,0.43539,0.27663,0.54988,0.51336,0.57364,0.23532,0.45954,0.29376,0.47856,0.25031,0.52759,0.49586,0.35856,0.34264,0.38784,0.32796,0.34938,0.31805,0.48293,0.49586,0.54101,0.54077,0.48998,0.46829,0.40805,0.43782,0.41606,0.30779,0.51931,0.51372,0.47452,0.52397,0.30527,0.33306,0.52056,0.41,0.25061,0.27996,0.28914,0.20303,0.51739,0.45519,0.49893,0.5058,0.32305,0.50337,0.39001,0.34947,0.51739,0.3464,0.54907,0.46213,0.36975,0.57051,0.48342,0.54374,0.46114,0.57892,0.38221,0.55436,0.57049,0.54982,0.5107,0.51591,0.50697,0.42878,0.49644,0.47357,0.48333,0.06251,0.0401,0.03801,0.02924,0.04955,0.14655,0.04336,0.02479,0.03612,0.03058],[0.45703,0.45975,0.45188,0.43066,0.42625,0.40277,0.4129,0.29469,0.42355,0.14025,0.79658,1,0.79497,0.63412,0.86593,0.76459,0.71387,0.87663,0.7066,0.83931,0.446,0.37608,0.37964,0.55261,0.46215,0.39046,0.3511,0.50865,0.46661,0.51992,0.35583,0.47555,0.53415,0.39074,0.49347,0.51065,0.49274,0.37426,0.33822,0.45565,0.29198,0.57368,0.56591,0.57122,0.23337,0.49871,0.3199,0.49164,0.2298,0.55649,0.52757,0.41433,0.3791,0.41212,0.38187,0.37621,0.37928,0.53891,0.52757,0.53485,0.54177,0.49015,0.4575,0.43879,0.44732,0.42242,0.35724,0.48529,0.49894,0.47866,0.5402,0.3071,0.34108,0.53111,0.42493,0.245,0.31449,0.30598,0.23087,0.5529,0.48007,0.53297,0.54857,0.35529,0.54129,0.43579,0.35733,0.5529,0.38602,0.52472,0.45007,0.34692,0.54693,0.45555,0.49906,0.47485,0.52882,0.36684,0.50581,0.51753,0.49074,0.47846,0.47843,0.46076,0.3719,0.45544,0.42363,0.45331,0.03256,0.02413,0.02402,0.02993,0.04441,0.13987,0.02618,0.01847,0.02251,0.00903],[0.35732,0.36229,0.3653,0.33212,0.34991,0.31679,0.34059,0.24458,0.32693,0.13013,0.70233,0.79497,1,0.5827,0.76293,0.65734,0.66882,0.76328,0.70401,0.76322,0.36929,0.36393,0.32387,0.45665,0.38393,0.37943,0.33112,0.43884,0.39247,0.42091,0.30738,0.38023,0.43886,0.33087,0.39481,0.40122,0.4037,0.33649,0.2775,0.37456,0.20798,0.45121,0.4351,0.44046,0.221,0.37765,0.27902,0.36576,0.19258,0.41616,0.43874,0.34257,0.30753,0.3646,0.33001,0.31544,0.34481,0.43959,0.43874,0.43733,0.4355,0.43436,0.39665,0.34663,0.36666,0.38693,0.28218,0.38917,0.39832,0.37637,0.41434,0.26985,0.27189,0.41123,0.34053,0.26039,0.2498,0.26128,0.20139,0.4381,0.36748,0.41195,0.43032,0.31543,0.41893,0.35467,0.29067,0.4381,0.32951,0.43139,0.40538,0.32186,0.48288,0.38729,0.42438,0.38484,0.45674,0.35001,0.38413,0.41086,0.39781,0.36408,0.37723,0.35568,0.29463,0.35124,0.34082,0.34864,0.02875,0.03192,0.02706,0.02424,0.03799,0.1423,0.03907,0.02133,0.02213,0.02765],[0.42063,0.38525,0.35933,0.33638,0.33043,0.3208,0.36287,0.30843,0.33812,0.22473,0.53067,0.63412,0.5827,1,0.6108,0.69202,0.60382,0.58738,0.50845,0.56294,0.33699,0.28176,0.29049,0.31755,0.27301,0.33678,0.31319,0.37226,0.33547,0.30959,0.29911,0.3791,0.34569,0.31914,0.4198,0.3193,0.31489,0.33232,0.26702,0.33756,0.34281,0.35869,0.3217,0.38775,0.27966,0.31607,0.32625,0.3745,0.29171,0.36176,0.33578,0.33888,0.30086,0.31578,0.35383,0.33139,0.33674,0.33104,0.33578,0.47535,0.40893,0.42704,0.39615,0.3871,0.40975,0.37664,0.38009,0.44946,0.39479,0.43698,0.37605,0.35346,0.34549,0.38863,0.42958,0.26909,0.34091,0.34589,0.2728,0.31256,0.38394,0.31663,0.30291,0.29865,0.33719,0.36285,0.33641,0.31256,0.35972,0.43919,0.37478,0.34844,0.38575,0.36668,0.35494,0.31549,0.37157,0.34618,0.32281,0.33089,0.40537,0.39813,0.42822,0.38641,0.34777,0.38721,0.36248,0.32379,0.01739,-0.0012,0.00672,0.00631,0.00926,0.10843,0.00877,0.01535,-0.0055,0.00302],[0.50314,0.51187,0.46513,0.43089,0.49289,0.43093,0.4289,0.29878,0.44946,0.17064,0.84013,0.86593,0.76293,0.6108,1,0.80194,0.68139,0.86183,0.6972,0.86038,0.42544,0.38826,0.38597,0.56938,0.44051,0.3733,0.34556,0.52918,0.44109,0.5191,0.32363,0.49936,0.52815,0.40459,0.53066,0.50534,0.49095,0.40152,0.34938,0.46234,0.277,0.55542,0.51606,0.58408,0.22962,0.46357,0.28957,0.46834,0.24374,0.51951,0.50261,0.39106,0.36109,0.41232,0.3586,0.36772,0.35843,0.4875,0.50261,0.56227,0.55686,0.526,0.49194,0.41285,0.47339,0.46059,0.32284,0.51707,0.54782,0.53159,0.53509,0.32359,0.34661,0.53225,0.45693,0.26356,0.2904,0.31923,0.22346,0.50241,0.46312,0.48986,0.49503,0.3247,0.50053,0.40343,0.34062,0.50241,0.36855,0.52256,0.47706,0.31339,0.54835,0.4343,0.5212,0.43914,0.55559,0.37329,0.51037,0.52985,0.51719,0.48526,0.49987,0.47323,0.3972,0.46729,0.47153,0.46887,0.04578,0.0356,0.03185,0.03162,0.04895,0.14155,0.03698,0.02914,0.02734,0.02254],[0.5584,0.52128,0.43348,0.41481,0.4292,0.40628,0.405,0.31335,0.4203,0.21834,0.75881,0.76459,0.65734,0.69202,0.80194,1,0.59895,0.75782,0.576,0.76903,0.46925,0.40415,0.432,0.50787,0.40179,0.38047,0.39786,0.52954,0.42119,0.49982,0.35531,0.55144,0.49122,0.42753,0.58781,0.4525,0.44628,0.41493,0.35632,0.46769,0.3545,0.49675,0.46426,0.5416,0.27862,0.44347,0.35006,0.4622,0.29926,0.49452,0.46884,0.43938,0.35056,0.41749,0.3782,0.44004,0.38614,0.46316,0.46884,0.67556,0.63013,0.5157,0.55457,0.44362,0.46843,0.516,0.38709,0.58011,0.54789,0.56416,0.50994,0.39388,0.40951,0.51198,0.51008,0.30378,0.38143,0.4163,0.31691,0.4692,0.49344,0.45448,0.46039,0.35946,0.4927,0.44901,0.43251,0.4692,0.43829,0.57448,0.4641,0.38355,0.48811,0.48106,0.51862,0.41572,0.53994,0.38468,0.50181,0.51322,0.56535,0.55459,0.56345,0.54501,0.47685,0.55866,0.50381,0.5033,0.03593,0.02465,0.02574,0.02304,0.03416,0.13196,0.02453,0.01537,0.02117,0.01788],[0.38763,0.35236,0.35789,0.37067,0.33034,0.31094,0.38936,0.25025,0.35624,0.17004,0.60871,0.71387,0.66882,0.60382,0.68139,0.59895,1,0.68832,0.7013,0.63634,0.32075,0.29126,0.31224,0.39763,0.33101,0.39111,0.34554,0.39079,0.35378,0.3745,0.32702,0.38669,0.41899,0.33405,0.3931,0.38993,0.39672,0.35866,0.31792,0.37026,0.3014,0.3822,0.38377,0.41574,0.22033,0.35357,0.25155,0.34287,0.21279,0.37406,0.37355,0.32968,0.31359,0.31807,0.33617,0.32372,0.34332,0.40516,0.37355,0.40463,0.40246,0.42047,0.36978,0.35157,0.38861,0.32816,0.29923,0.41185,0.3771,0.37537,0.38918,0.22922,0.27481,0.38125,0.3627,0.26875,0.24581,0.24748,0.21063,0.36844,0.38465,0.36611,0.36536,0.28907,0.38948,0.34854,0.2982,0.36844,0.30325,0.43066,0.3979,0.32732,0.43052,0.35197,0.36648,0.3516,0.3882,0.30261,0.37622,0.35991,0.38126,0.36003,0.37743,0.35852,0.30427,0.36441,0.35496,0.32044,0.01522,0.04149,0.01072,0.02743,0.03264,0.11546,0.02126,0.01823,0.01198,0.01207],[0.48195,0.47521,0.46788,0.43802,0.44868,0.42115,0.42441,0.28991,0.43811,0.14668,0.84828,0.87663,0.76328,0.58738,0.86183,0.75782,0.68832,1,0.69716,0.89721,0.42973,0.388,0.38062,0.56853,0.46186,0.3722,0.32531,0.50464,0.44366,0.53718,0.34057,0.49097,0.53857,0.39666,0.50182,0.51894,0.48939,0.37243,0.35383,0.44544,0.27218,0.56303,0.53769,0.56648,0.2136,0.48012,0.27506,0.48585,0.23853,0.53687,0.50958,0.38026,0.36358,0.39396,0.34254,0.38754,0.3323,0.51926,0.50958,0.53817,0.54947,0.51459,0.47623,0.42996,0.4564,0.43832,0.34092,0.5225,0.51001,0.47169,0.53821,0.30802,0.33968,0.52857,0.4129,0.24447,0.29069,0.30481,0.20446,0.5299,0.44728,0.50353,0.51675,0.33093,0.51365,0.39939,0.35406,0.5299,0.35734,0.49954,0.46514,0.3091,0.5405,0.43692,0.50625,0.45916,0.53484,0.36418,0.52786,0.55854,0.52392,0.4901,0.49549,0.4948,0.39984,0.47446,0.45142,0.47925,0.05187,0.02548,0.02488,0.02328,0.04555,0.13361,0.0284,0.03238,0.01855,0.01975],[0.33276,0.32757,0.33604,0.32926,0.32921,0.31487,0.34013,0.20542,0.29732,0.09599,0.61681,0.7066,0.70401,0.50845,0.6972,0.576,0.7013,0.69716,1,0.68805,0.30565,0.31235,0.2802,0.43274,0.32955,0.38219,0.30129,0.38005,0.34814,0.39693,0.27675,0.35222,0.41359,0.29862,0.38171,0.37775,0.37292,0.30828,0.27385,0.35176,0.20757,0.42308,0.41894,0.416,0.19103,0.36993,0.24038,0.37063,0.19781,0.40127,0.40136,0.30087,0.3241,0.33026,0.33717,0.27568,0.27452,0.43011,0.40136,0.38752,0.40851,0.38201,0.38125,0.30192,0.35122,0.31956,0.25191,0.35376,0.38887,0.35682,0.38281,0.25368,0.28113,0.3658,0.3192,0.19396,0.22243,0.23181,0.1751,0.38898,0.34675,0.37621,0.39204,0.26092,0.37544,0.31046,0.25921,0.38898,0.2966,0.37577,0.39434,0.26099,0.42935,0.35042,0.38831,0.32941,0.40456,0.30235,0.3731,0.36921,0.36408,0.33967,0.35932,0.33898,0.28522,0.3576,0.32848,0.32832,0.02408,0.03086,0.02288,0.01855,0.04247,0.13312,0.02459,0.02514,0.01527,0.01939],[0.49975,0.51467,0.47994,0.45451,0.48476,0.44563,0.4466,0.30384,0.45451,0.15321,0.84869,0.83931,0.76322,0.56294,0.86038,0.76903,0.63634,0.89721,0.68805,1,0.41616,0.40296,0.37398,0.59418,0.47959,0.38238,0.32442,0.55083,0.44241,0.56261,0.33767,0.49005,0.54639,0.40656,0.51931,0.53066,0.49807,0.3705,0.35613,0.4478,0.28613,0.58197,0.56089,0.58992,0.22215,0.50256,0.27191,0.49438,0.2595,0.55868,0.52887,0.38226,0.37598,0.42419,0.34476,0.37267,0.33369,0.52754,0.52887,0.568,0.58333,0.54131,0.51086,0.44518,0.46793,0.45324,0.34891,0.53586,0.53386,0.49833,0.56654,0.33235,0.37775,0.55777,0.42921,0.25675,0.30802,0.32284,0.22425,0.54393,0.46259,0.52178,0.53181,0.33091,0.51777,0.38749,0.34268,0.54393,0.36138,0.50604,0.48516,0.30663,0.55905,0.43414,0.53077,0.49466,0.56113,0.37527,0.54518,0.57267,0.54209,0.51491,0.52578,0.5126,0.41795,0.50167,0.46189,0.51322,0.04976,0.03351,0.02867,0.02358,0.04779,0.13873,0.03798,0.04342,0.02435,0.02957],[0.40322,0.33636,0.28282,0.29984,0.31041,0.34905,0.2739,0.21135,0.3042,0.14052,0.42325,0.446,0.36929,0.33699,0.42544,0.46925,0.32075,0.42973,0.30565,0.41616,1,0.61499,0.65354,0.67584,0.63435,0.66612,0.62023,0.70147,0.57411,0.60795,0.36157,0.48123,0.4347,0.39728,0.49677,0.4486,0.41038,0.38826,0.34928,0.43558,0.33106,0.47203,0.451,0.4792,0.2717,0.41627,0.36292,0.42358,0.32749,0.46645,0.46446,0.45037,0.35375,0.43462,0.35197,0.40161,0.42008,0.43923,0.46446,0.4784,0.40879,0.39166,0.40383,0.35941,0.34191,0.38811,0.29472,0.35617,0.34765,0.47691,0.43917,0.36622,0.34974,0.43079,0.44969,0.25743,0.31135,0.34623,0.24682,0.45314,0.4782,0.41111,0.46249,0.37295,0.47702,0.48438,0.4427,0.45314,0.42254,0.59754,0.37383,0.41091,0.46252,0.57682,0.5184,0.40207,0.52857,0.43578,0.45765,0.43388,0.46902,0.48408,0.45815,0.49055,0.41193,0.48085,0.41585,0.41762,0.03041,0.16427,0.03513,0.02425,0.01011,0.01079,0.02454,0.02902,0.0277,0.01253],[0.38612,0.32849,0.33472,0.32687,0.31704,0.36561,0.30258,0.22526,0.2996,0.16274,0.40278,0.37608,0.36393,0.28176,0.38826,0.40415,0.29126,0.388,0.31235,0.40296,0.61499,1,0.58266,0.63606,0.53213,0.62562,0.53763,0.66211,0.55876,0.5436,0.39217,0.42596,0.42081,0.40878,0.44113,0.44307,0.37736,0.35799,0.38671,0.40986,0.27467,0.4319,0.4199,0.42425,0.24931,0.36879,0.36566,0.40284,0.28953,0.41764,0.40617,0.4052,0.34948,0.37657,0.34687,0.29125,0.37289,0.39597,0.40617,0.40431,0.34437,0.35678,0.41511,0.36607,0.34032,0.33902,0.2591,0.30587,0.3249,0.43683,0.39145,0.33082,0.32131,0.3845,0.38957,0.21456,0.29939,0.3125,0.2178,0.41556,0.40806,0.3924,0.40683,0.31679,0.40968,0.38082,0.3559,0.41556,0.37477,0.45187,0.41394,0.35625,0.42143,0.47236,0.50905,0.40114,0.52886,0.44098,0.41152,0.42771,0.4577,0.42639,0.40568,0.42601,0.37867,0.41915,0.41298,0.4106,0.03508,0.15349,0.04342,0.01235,0.01936,0.02932,0.06265,0.03223,0.05549,0.01708],[0.42948,0.36575,0.34362,0.33508,0.29468,0.3304,0.28077,0.21713,0.31887,0.23033,0.38419,0.37964,0.32387,0.29049,0.38597,0.432,0.31224,0.38062,0.2802,0.37398,0.65354,0.58266,1,0.61612,0.54242,0.52017,0.60641,0.653,0.50132,0.59788,0.33511,0.47599,0.41085,0.33922,0.47224,0.39221,0.36791,0.35813,0.31708,0.41354,0.3247,0.42115,0.43452,0.4539,0.28305,0.3918,0.34785,0.40407,0.30246,0.42804,0.35564,0.38912,0.30619,0.33874,0.28936,0.32657,0.3629,0.36424,0.35564,0.47559,0.40293,0.38017,0.41565,0.3624,0.34843,0.41123,0.29683,0.36946,0.3617,0.45155,0.41601,0.32654,0.32826,0.42774,0.40936,0.24043,0.31321,0.30746,0.2367,0.41387,0.40463,0.38287,0.39648,0.33686,0.4309,0.42368,0.38987,0.41387,0.38158,0.50998,0.37997,0.37066,0.42406,0.46595,0.46259,0.36627,0.47072,0.39381,0.40358,0.41015,0.43709,0.43033,0.43442,0.44755,0.40282,0.43511,0.3967,0.3996,0.02165,0.1471,0.04076,0.01778,0.01686,0.01751,0.04594,0.01338,0.03531,0.01691],[0.47097,0.46567,0.44133,0.42966,0.45169,0.47389,0.39959,0.26501,0.419,0.16129,0.57844,0.55261,0.45665,0.31755,0.56938,0.50787,0.39763,0.56853,0.43274,0.59418,0.67584,0.63606,0.61612,1,0.66736,0.63533,0.5134,0.85671,0.64987,0.80643,0.36283,0.55187,0.58501,0.44589,0.57232,0.56377,0.5482,0.44484,0.36806,0.51525,0.29659,0.61831,0.59147,0.64697,0.22575,0.53238,0.2925,0.51782,0.26487,0.58278,0.54593,0.40541,0.41058,0.45416,0.36836,0.36436,0.35107,0.55665,0.54593,0.55661,0.56676,0.49065,0.48922,0.42015,0.44671,0.42465,0.29474,0.46395,0.5264,0.51961,0.56567,0.33167,0.3764,0.55729,0.45167,0.24061,0.30992,0.31675,0.2271,0.60146,0.51783,0.56489,0.59195,0.38868,0.56649,0.43853,0.39416,0.60146,0.40854,0.5602,0.47079,0.34915,0.58034,0.48556,0.61029,0.4826,0.64031,0.43894,0.58595,0.62577,0.56701,0.54101,0.52953,0.52587,0.45276,0.52278,0.48523,0.52459,0.02677,0.15041,0.04638,0.02631,0.02889,0.03129,0.06888,0.03587,0.0515,0.03524],[0.35844,0.34462,0.33631,0.3533,0.36819,0.37114,0.30528,0.23519,0.32399,0.11793,0.43888,0.46215,0.38393,0.27301,0.44051,0.40179,0.33101,0.46186,0.32955,0.47959,0.63435,0.53213,0.54242,0.66736,1,0.53446,0.49417,0.60687,0.49413,0.63525,0.31158,0.38496,0.45803,0.32838,0.42033,0.45081,0.40386,0.33021,0.29862,0.39886,0.2722,0.47704,0.47763,0.46254,0.22686,0.42867,0.28454,0.42573,0.21817,0.46825,0.45804,0.3192,0.35583,0.36176,0.3024,0.32739,0.34358,0.46034,0.45804,0.42302,0.42579,0.40062,0.38578,0.36926,0.35989,0.35041,0.29206,0.3794,0.3691,0.39389,0.44322,0.27264,0.27396,0.41894,0.33245,0.19371,0.28475,0.26484,0.20884,0.50122,0.4181,0.45039,0.48462,0.3483,0.47138,0.39948,0.36576,0.50122,0.35523,0.43599,0.35612,0.30529,0.48508,0.39411,0.44826,0.43576,0.48723,0.34159,0.47577,0.48327,0.43144,0.43158,0.40404,0.43383,0.37276,0.42382,0.36489,0.39863,0.00741,0.1107,0.01398,0.01203,0.00926,0.00898,0.01807,0.00955,0.01545,0.01583],[0.32381,0.28282,0.23796,0.28729,0.29163,0.33231,0.27672,0.17729,0.24092,0.10714,0.36509,0.39046,0.37943,0.33678,0.3733,0.38047,0.39111,0.3722,0.38219,0.38238,0.66612,0.62562,0.52017,0.63533,0.53446,1,0.51116,0.64606,0.61105,0.51177,0.4429,0.38658,0.43592,0.40306,0.38361,0.3947,0.3632,0.41036,0.31527,0.36814,0.29487,0.41375,0.39789,0.4245,0.24649,0.35714,0.31267,0.38154,0.28351,0.40399,0.43815,0.3711,0.36181,0.41675,0.45218,0.30776,0.38302,0.47633,0.43815,0.36524,0.3253,0.33992,0.32937,0.2722,0.28052,0.29533,0.25191,0.27676,0.31007,0.39035,0.36987,0.26378,0.2747,0.3295,0.35715,0.20876,0.24935,0.28216,0.21321,0.38498,0.41149,0.36337,0.3874,0.32714,0.38662,0.36007,0.33351,0.38498,0.33044,0.43164,0.36534,0.31031,0.42999,0.39365,0.45501,0.33268,0.47619,0.39977,0.37886,0.39126,0.39731,0.39401,0.37993,0.38162,0.34709,0.39264,0.38103,0.35633,0.00781,0.17219,0.03182,0.00999,0.00519,0.0118,0.04462,0.03461,0.04112,0.00403],[0.37149,0.28305,0.2662,0.25788,0.23041,0.30744,0.25454,0.17602,0.28366,0.11438,0.3347,0.3511,0.33112,0.31319,0.34556,0.39786,0.34554,0.32531,0.30129,0.32442,0.62023,0.53763,0.60641,0.5134,0.49417,0.51116,1,0.57179,0.49806,0.52361,0.34679,0.42215,0.40086,0.31115,0.44563,0.35323,0.3521,0.3384,0.28785,0.40718,0.35496,0.36345,0.38699,0.37326,0.32108,0.38143,0.36645,0.37757,0.31948,0.38514,0.31376,0.40469,0.25986,0.29466,0.27037,0.33804,0.37112,0.31004,0.31376,0.42091,0.34829,0.35208,0.38542,0.31182,0.30563,0.3239,0.2871,0.32888,0.31937,0.42438,0.35012,0.37031,0.3155,0.37616,0.36252,0.30729,0.36175,0.3432,0.30792,0.36909,0.35456,0.31492,0.37607,0.34511,0.42436,0.44756,0.4077,0.36909,0.40603,0.48003,0.36784,0.43281,0.38803,0.50867,0.41554,0.38188,0.39953,0.36818,0.35046,0.34563,0.38192,0.38735,0.37107,0.40336,0.35903,0.37636,0.38817,0.33931,0.00959,0.13408,0.033,-0.01053,0.00299,0.01206,0.00521,-0.00072,0.0172,0.00157],[0.53975,0.47866,0.39864,0.40376,0.42413,0.46003,0.37014,0.27987,0.39693,0.16447,0.53016,0.50865,0.43884,0.37226,0.52918,0.52954,0.39079,0.50464,0.38005,0.55083,0.70147,0.66211,0.653,0.85671,0.60687,0.64606,0.57179,1,0.63924,0.72332,0.38372,0.59185,0.55127,0.49789,0.6099,0.50335,0.4966,0.48958,0.3938,0.52308,0.3712,0.58325,0.55658,0.60511,0.27822,0.49611,0.36335,0.51675,0.34049,0.55768,0.52539,0.45457,0.42296,0.47745,0.40411,0.4174,0.41295,0.50762,0.52539,0.60447,0.54167,0.51843,0.54226,0.43193,0.4562,0.4745,0.32779,0.45177,0.50356,0.58917,0.5504,0.40482,0.43503,0.5659,0.52445,0.29566,0.36847,0.39737,0.29722,0.55439,0.56727,0.51712,0.55089,0.40607,0.54998,0.5019,0.46663,0.55439,0.48506,0.65018,0.50488,0.45092,0.59304,0.55676,0.65597,0.48232,0.67606,0.54085,0.55698,0.58332,0.61233,0.58442,0.58307,0.57464,0.5135,0.56903,0.53988,0.56416,0.03184,0.15642,0.05101,0.02359,0.01351,0.0208,0.07873,0.04589,0.06228,0.03268],[0.34312,0.32657,0.32716,0.31236,0.30376,0.33957,0.33742,0.20001,0.31575,0.12268,0.44449,0.46661,0.39247,0.33547,0.44109,0.42119,0.35378,0.44366,0.34814,0.44241,0.57411,0.55876,0.50132,0.64987,0.49413,0.61105,0.49806,0.63924,1,0.67902,0.3407,0.39975,0.42371,0.36212,0.40831,0.43958,0.40858,0.34093,0.30843,0.4235,0.29023,0.46868,0.45843,0.47154,0.15873,0.40799,0.2886,0.48664,0.27315,0.42989,0.4674,0.34605,0.39019,0.38864,0.4041,0.33226,0.31709,0.46626,0.4674,0.40483,0.38342,0.36822,0.33914,0.33478,0.34318,0.31925,0.29854,0.30796,0.35821,0.39595,0.40754,0.26904,0.28809,0.40311,0.36268,0.18689,0.27038,0.26118,0.19004,0.46069,0.44875,0.43087,0.44698,0.35952,0.4514,0.36364,0.34065,0.46069,0.32579,0.45331,0.34722,0.28424,0.4408,0.43368,0.47852,0.35212,0.50055,0.38217,0.42195,0.43716,0.435,0.40694,0.43215,0.40281,0.3505,0.40346,0.38752,0.40796,0.03222,0.13011,0.05256,0.01805,0.0241,0.03574,0.01683,0.02448,0.04083,0.01008],[0.44565,0.44619,0.41669,0.41862,0.43188,0.45246,0.40765,0.24056,0.40775,0.14636,0.54965,0.51992,0.42091,0.30959,0.5191,0.49982,0.3745,0.53718,0.39693,0.56261,0.60795,0.5436,0.59788,0.80643,0.63525,0.51177,0.52361,0.72332,0.67902,1,0.34672,0.53307,0.55276,0.40102,0.54904,0.5523,0.52045,0.39636,0.37394,0.49682,0.30786,0.57874,0.57348,0.59007,0.20675,0.52379,0.30464,0.52763,0.28943,0.55875,0.51176,0.39485,0.3951,0.40344,0.34992,0.37198,0.34434,0.53872,0.51176,0.52281,0.54467,0.45192,0.46874,0.41796,0.43179,0.42335,0.30733,0.4304,0.50001,0.46622,0.53715,0.33217,0.36445,0.53889,0.41255,0.2116,0.32738,0.31155,0.23084,0.5831,0.4854,0.53054,0.56808,0.38177,0.54998,0.43788,0.40241,0.5831,0.39876,0.52442,0.44275,0.34421,0.54856,0.47861,0.53799,0.45883,0.57472,0.3819,0.58046,0.60786,0.55525,0.53232,0.53338,0.53869,0.46101,0.53086,0.47474,0.52811,0.03203,0.13374,0.04616,0.02452,0.03543,0.03661,0.0464,0.01662,0.04091,0.0222],[0.32319,0.28329,0.26402,0.27331,0.29985,0.31554,0.29907,0.21164,0.29305,0.16055,0.33737,0.35583,0.30738,0.29911,0.32363,0.35531,0.32702,0.34057,0.27675,0.33767,0.36157,0.39217,0.33511,0.36283,0.31158,0.4429,0.34679,0.38372,0.3407,0.34672,1,0.52085,0.63668,0.58692,0.48104,0.64354,0.52054,0.60027,0.57573,0.6167,0.30689,0.3854,0.38379,0.39172,0.31711,0.35081,0.32929,0.35242,0.23059,0.38179,0.47358,0.48163,0.36837,0.42797,0.48003,0.36659,0.45011,0.47147,0.47358,0.34751,0.33493,0.34227,0.32666,0.29223,0.33946,0.31286,0.26581,0.27838,0.31002,0.38885,0.37137,0.28931,0.29225,0.34095,0.35027,0.22127,0.29918,0.26364,0.24101,0.3851,0.35143,0.35567,0.37953,0.30148,0.39696,0.3945,0.31558,0.3851,0.34632,0.38501,0.36021,0.32254,0.36914,0.35861,0.4057,0.30035,0.40172,0.38576,0.34454,0.3506,0.37693,0.35171,0.34785,0.34387,0.30448,0.33812,0.35603,0.31916,0.00766,0.03449,0.0234,0.02733,0.00347,-0.00165,0.01744,0.01779,0.01089,0.00577],[0.54926,0.4646,0.38643,0.383,0.43314,0.43531,0.37112,0.26197,0.38873,0.18437,0.4761,0.47555,0.38023,0.3791,0.49936,0.55144,0.38669,0.49097,0.35222,0.49005,0.48123,0.42596,0.47599,0.55187,0.38496,0.38658,0.42215,0.59185,0.39975,0.53307,0.52085,1,0.67913,0.6292,0.8612,0.63203,0.66278,0.59996,0.5538,0.7157,0.41884,0.55212,0.55224,0.61701,0.34722,0.51317,0.43247,0.49468,0.35827,0.57224,0.4774,0.51078,0.39647,0.43432,0.41108,0.51159,0.44722,0.48452,0.4774,0.59022,0.52989,0.48366,0.53305,0.42817,0.44975,0.46746,0.35169,0.41785,0.47611,0.58439,0.52081,0.42695,0.4241,0.52279,0.51366,0.26071,0.36122,0.3873,0.31122,0.4934,0.48619,0.44656,0.47467,0.37132,0.51964,0.52037,0.44515,0.4934,0.46775,0.58387,0.50303,0.40498,0.49763,0.50877,0.56107,0.43416,0.56608,0.3982,0.51839,0.53522,0.58762,0.55852,0.55081,0.58811,0.51656,0.53087,0.54082,0.53297,0.01734,0.03602,0.08644,0.04436,0.02277,0.00886,0.0319,0.01772,0.03544,0.02175],[0.4854,0.43062,0.44192,0.43996,0.47371,0.48525,0.41361,0.32106,0.45251,0.16481,0.5187,0.53415,0.43886,0.34569,0.52815,0.49122,0.41899,0.53857,0.41359,0.54639,0.4347,0.42081,0.41085,0.58501,0.45803,0.43592,0.40086,0.55127,0.42371,0.55276,0.63668,0.67913,1,0.61517,0.6551,0.81439,0.7657,0.62031,0.57534,0.75357,0.38703,0.61069,0.60752,0.6396,0.32453,0.56483,0.38909,0.50621,0.32497,0.61999,0.55923,0.47256,0.4388,0.43387,0.44791,0.45581,0.44282,0.61368,0.55923,0.53301,0.56721,0.52278,0.49205,0.45002,0.4934,0.42767,0.3704,0.49501,0.52426,0.55639,0.62006,0.40362,0.39157,0.5946,0.5114,0.28163,0.36454,0.37573,0.3145,0.62754,0.53229,0.58749,0.61196,0.43111,0.6228,0.49688,0.43948,0.62754,0.48113,0.50447,0.51696,0.34328,0.52866,0.44379,0.51727,0.50478,0.53417,0.39382,0.54184,0.56602,0.52763,0.5145,0.49093,0.50084,0.44413,0.48315,0.4732,0.47462,0.02552,0.04632,0.04455,0.03007,0.02581,0.01552,0.03835,0.04364,0.04774,0.02564],[0.41664,0.34376,0.3,0.30192,0.33447,0.35409,0.30039,0.21351,0.29733,0.1511,0.39707,0.39074,0.33087,0.31914,0.40459,0.42753,0.33405,0.39666,0.29862,0.40656,0.39728,0.40878,0.33922,0.44589,0.32838,0.40306,0.31115,0.49789,0.36212,0.40102,0.58692,0.6292,0.61517,1,0.599,0.608,0.54007,0.71807,0.7272,0.58879,0.30868,0.40418,0.39841,0.46096,0.25223,0.36021,0.29587,0.37736,0.25088,0.41673,0.46116,0.40485,0.40318,0.40467,0.43068,0.38469,0.35506,0.41782,0.46116,0.4483,0.39057,0.39302,0.39149,0.33031,0.35491,0.39954,0.29707,0.31989,0.37604,0.45195,0.41602,0.3181,0.33535,0.37822,0.42053,0.21612,0.28851,0.28867,0.22065,0.4038,0.4213,0.39544,0.39965,0.31482,0.41462,0.40854,0.34343,0.4038,0.37843,0.46284,0.40602,0.32056,0.41228,0.4085,0.59815,0.33124,0.61806,0.40022,0.41426,0.41957,0.45878,0.4446,0.42722,0.42903,0.38398,0.41531,0.4259,0.39958,0.02578,0.0394,0.04259,0.04107,0.01287,0.0097,0.04753,0.03214,0.04288,0.0205],[0.59887,0.50577,0.42946,0.4132,0.47526,0.49001,0.41249,0.28909,0.41585,0.19222,0.49305,0.49347,0.39481,0.4198,0.53066,0.58781,0.3931,0.50182,0.38171,0.51931,0.49677,0.44113,0.47224,0.57232,0.42033,0.38361,0.44563,0.6099,0.40831,0.54903,0.48104,0.8612,0.6551,0.599,1,0.60551,0.63726,0.59396,0.54595,0.66773,0.47931,0.6157,0.60579,0.68251,0.3982,0.57637,0.4871,0.5374,0.39035,0.63329,0.50348,0.53873,0.43102,0.45395,0.41681,0.55003,0.45373,0.49154,0.50348,0.63661,0.55603,0.51943,0.59104,0.44762,0.49623,0.5168,0.37917,0.46321,0.51323,0.66678,0.56101,0.50139,0.4948,0.58152,0.59085,0.30631,0.43468,0.46163,0.36052,0.53294,0.54294,0.48814,0.52948,0.41898,0.57787,0.57732,0.52354,0.53294,0.55441,0.6107,0.52178,0.4124,0.49972,0.53057,0.57283,0.45531,0.59415,0.41806,0.53286,0.55629,0.62448,0.61666,0.60182,0.62248,0.5677,0.59763,0.56414,0.5439,0.02315,0.03939,0.1104,0.04732,0.0353,0.01701,0.03311,0.03089,0.05113,0.02632],[0.42978,0.41182,0.41595,0.40908,0.44596,0.47092,0.40072,0.28152,0.42345,0.16667,0.49616,0.51065,0.40122,0.3193,0.50534,0.4525,0.38993,0.51894,0.37775,0.53066,0.4486,0.44307,0.39221,0.56377,0.45081,0.3947,0.35323,0.50335,0.43958,0.5523,0.64354,0.63203,0.81439,0.608,0.60551,1,0.76209,0.5798,0.57717,0.71575,0.36897,0.61315,0.60677,0.62703,0.31474,0.5687,0.34637,0.50952,0.30233,0.60513,0.5833,0.44453,0.45226,0.44901,0.38312,0.37224,0.39511,0.57266,0.5833,0.49305,0.53601,0.48162,0.44332,0.44079,0.46345,0.41046,0.35379,0.42707,0.48351,0.52465,0.6054,0.36681,0.37264,0.55666,0.46905,0.24647,0.32889,0.31996,0.25463,0.61741,0.51271,0.58236,0.60709,0.42046,0.59104,0.44219,0.40004,0.61741,0.42182,0.47214,0.4963,0.30019,0.51491,0.43322,0.51286,0.47121,0.54218,0.38971,0.53932,0.55319,0.51646,0.4914,0.47651,0.48304,0.41437,0.45923,0.44184,0.46712,0.0226,0.03798,0.04884,0.0297,0.03327,0.02607,0.03854,0.03856,0.03488,0.02409],[0.41809,0.38083,0.39914,0.38083,0.41554,0.43261,0.3675,0.26961,0.39617,0.14069,0.47418,0.49274,0.4037,0.31489,0.49095,0.44628,0.39672,0.48939,0.37292,0.49807,0.41038,0.37736,0.36791,0.5482,0.40386,0.3632,0.3521,0.4966,0.40858,0.52045,0.52054,0.66278,0.7657,0.54007,0.63726,0.76209,1,0.54222,0.50071,0.69766,0.36068,0.6095,0.60101,0.66886,0.30335,0.5459,0.36334,0.47861,0.3097,0.59433,0.5352,0.45089,0.4208,0.42489,0.38217,0.42787,0.4201,0.56134,0.5352,0.47384,0.51825,0.46326,0.41873,0.37832,0.43171,0.37291,0.31165,0.40895,0.45614,0.49226,0.52775,0.35068,0.35114,0.52813,0.41381,0.23849,0.30917,0.32625,0.27708,0.55489,0.47843,0.51566,0.54835,0.3856,0.54702,0.43491,0.40317,0.55489,0.40599,0.4714,0.48335,0.30747,0.50551,0.42783,0.45985,0.4922,0.47996,0.36778,0.49001,0.49082,0.47368,0.45882,0.44417,0.45107,0.38357,0.42992,0.40437,0.43936,0.01271,0.02686,0.07636,0.0407,0.03986,0.02101,0.02444,0.03327,0.02506,0.01384],[0.3983,0.34498,0.30193,0.30456,0.35714,0.34706,0.30622,0.23367,0.321,0.17613,0.37241,0.37426,0.33649,0.33232,0.40152,0.41493,0.35866,0.37243,0.30828,0.3705,0.38826,0.35799,0.35813,0.44484,0.33021,0.41036,0.3384,0.48958,0.34093,0.39636,0.60027,0.59996,0.62031,0.71807,0.59396,0.5798,0.54222,1,0.6771,0.59067,0.28922,0.40421,0.38838,0.45981,0.25092,0.34272,0.29718,0.37557,0.24809,0.39933,0.43026,0.40618,0.40231,0.40701,0.39466,0.41247,0.37975,0.40243,0.43026,0.452,0.38348,0.38653,0.42106,0.30521,0.35639,0.39386,0.27884,0.32462,0.35396,0.47544,0.42081,0.33819,0.33811,0.40298,0.43677,0.2358,0.33083,0.32639,0.26578,0.40703,0.42488,0.39296,0.40144,0.35137,0.43598,0.41319,0.40021,0.40703,0.416,0.48297,0.41382,0.32634,0.40996,0.41027,0.48955,0.3012,0.51079,0.36828,0.37207,0.38005,0.4384,0.42608,0.4302,0.39738,0.39145,0.4149,0.40043,0.36774,0.01162,0.07362,0.018,0.02