{"model":"multimodalembedding@001","docs":[{"type":"image","name":"001.jpg"},{"type":"image","name":"002.jpg"},{"type":"image","name":"003.jpg"},{"type":"image","name":"004.jpg"},{"type":"image","name":"005.jpg"},{"type":"image","name":"006.jpg"},{"type":"image","name":"007.jpg"},{"type":"image","name":"008.jpg"},{"type":"image","name":"009.jpg"},{"type":"image","name":"010.jpg"},{"type":"image","name":"011.jpg"},{"type":"image","name":"012.jpg"},{"type":"image","name":"013.jpg"},{"type":"image","name":"014.jpg"},{"type":"image","name":"015.jpg"},{"type":"image","name":"016.jpg"},{"type":"image","name":"017.jpg"},{"type":"image","name":"018.jpg"},{"type":"image","name":"019.jpg"},{"type":"image","name":"020.jpg"},{"type":"image","name":"021.jpg"},{"type":"image","name":"022.jpg"},{"type":"image","name":"023.jpg"},{"type":"image","name":"024.jpg"},{"type":"image","name":"025.jpg"},{"type":"image","name":"026.jpg"},{"type":"image","name":"027.jpg"},{"type":"image","name":"028.jpg"},{"type":"image","name":"029.jpg"},{"type":"image","name":"030.jpg"},{"type":"image","name":"031.jpg"},{"type":"image","name":"032.jpg"},{"type":"image","name":"033.jpg"},{"type":"image","name":"034.jpg"},{"type":"image","name":"035.jpg"},{"type":"image","name":"036.jpg"},{"type":"image","name":"037.jpg"},{"type":"image","name":"038.jpg"},{"type":"image","name":"039.jpg"},{"type":"image","name":"040.jpg"},{"type":"image","name":"041.jpg"},{"type":"image","name":"042.jpg"},{"type":"image","name":"043.jpg"},{"type":"image","name":"044.jpg"},{"type":"image","name":"045.jpg"},{"type":"image","name":"046.jpg"},{"type":"image","name":"047.jpg"},{"type":"image","name":"048.jpg"},{"type":"image","name":"049.jpg"},{"type":"image","name":"050.jpg"},{"type":"image","name":"051.jpg"},{"type":"image","name":"052.jpg"},{"type":"image","name":"053.jpg"},{"type":"image","name":"054.jpg"},{"type":"image","name":"055.jpg"},{"type":"image","name":"056.jpg"},{"type":"image","name":"057.jpg"},{"type":"image","name":"058.jpg"},{"type":"image","name":"059.jpg"},{"type":"image","name":"060.jpg"},{"type":"image","name":"061.jpg"},{"type":"image","name":"062.jpg"},{"type":"image","name":"063.jpg"},{"type":"image","name":"064.jpg"},{"type":"image","name":"065.jpg"},{"type":"image","name":"066.jpg"},{"type":"image","name":"067.jpg"},{"type":"image","name":"068.jpg"},{"type":"image","name":"069.jpg"},{"type":"image","name":"070.jpg"},{"type":"image","name":"071.jpg"},{"type":"image","name":"072.jpg"},{"type":"image","name":"073.jpg"},{"type":"image","name":"074.jpg"},{"type":"image","name":"075.jpg"},{"type":"image","name":"076.jpg"},{"type":"image","name":"077.jpg"},{"type":"image","name":"078.jpg"},{"type":"image","name":"079.jpg"},{"type":"image","name":"080.jpg"},{"type":"image","name":"081.jpg"},{"type":"image","name":"082.jpg"},{"type":"image","name":"083.jpg"},{"type":"image","name":"084.jpg"},{"type":"image","name":"085.jpg"},{"type":"image","name":"086.jpg"},{"type":"image","name":"087.jpg"},{"type":"image","name":"088.jpg"},{"type":"image","name":"089.jpg"},{"type":"image","name":"090.jpg"},{"type":"text","name":"Tanker"},{"type":"text","name":"Truck"},{"type":"text","name":"Shell"},{"type":"text","name":"Advertisement"},{"type":"text","name":"Energy"},{"type":"text","name":"Petrol Station"}],"similarity":[[1,0.58649,0.51701,0.46191,0.62107,0.86333,0.78982,0.49969,0.57026,0.45318,0.41657,0.63818,0.57259,0.4916,0.63506,0.61886,0.48868,0.49495,0.83788,0.58556,0.58319,0.61989,0.72543,0.77455,0.58522,0.75277,0.45947,0.40483,0.43793,0.74462,0.12871,0.24618,0.56812,0.57568,0.39024,0.5776,0.39571,0.16919,0.19429,0.37685,0.23852,0.42053,0.26959,0.50289,0.14951,0.27341,0.2107,0.31871,0.38619,0.41391,0.34317,0.24302,0.4942,0.4939,0.46458,0.16852,0.29788,0.42993,0.48047,0.34558,0.20693,0.36961,0.26546,0.29878,0.34564,0.18715,0.35008,0.35215,0.35957,0.19599,0.40239,0.35722,0.22334,0.41978,0.39444,0.55777,0.24827,0.48094,0.50063,0.5518,0.54013,0.43396,0.55598,0.55135,0.54489,0.47808,0.58209,0.64483,0.5018,0.51155,0.04733,0.02782,0.07179,0.04141,0.07268,0.07589],[0.58649,1,0.74578,0.62985,0.49432,0.60019,0.55291,0.56247,0.58707,0.49235,0.47472,0.66983,0.62429,0.48937,0.70606,0.68553,0.59732,0.53604,0.60426,0.78842,0.57015,0.56919,0.58051,0.59286,0.70134,0.60864,0.48409,0.52061,0.55107,0.65893,0.14289,0.19618,0.54577,0.513,0.42287,0.52439,0.39277,0.17889,0.21832,0.42316,0.2148,0.44375,0.28235,0.52122,0.12228,0.25984,0.19525,0.28628,0.47089,0.42144,0.32914,0.24238,0.44538,0.45301,0.45199,0.21419,0.33955,0.45075,0.49755,0.40291,0.20106,0.4122,0.28701,0.3044,0.38528,0.16674,0.36581,0.34667,0.37796,0.25593,0.451,0.42784,0.25632,0.4459,0.38415,0.48626,0.2371,0.50554,0.4949,0.59273,0.57482,0.66045,0.70792,0.71787,0.59187,0.49803,0.5944,0.66301,0.54962,0.68599,0.11154,0.08689,0.06841,0.04603,0.07875,0.08106],[0.51701,0.74578,1,0.60911,0.59294,0.54778,0.46766,0.44351,0.45973,0.58406,0.53983,0.55306,0.54653,0.46029,0.57761,0.56463,0.58872,0.47391,0.54703,0.70677,0.53873,0.58219,0.61922,0.62603,0.70004,0.63732,0.4884,0.52585,0.50642,0.55119,0.17325,0.28955,0.45642,0.45668,0.45402,0.44888,0.56043,0.32973,0.25216,0.38617,0.27752,0.43953,0.39576,0.60683,0.23623,0.32186,0.22347,0.30429,0.42272,0.41728,0.41028,0.36702,0.42509,0.48523,0.4933,0.26873,0.33627,0.5078,0.48562,0.43086,0.28449,0.41325,0.43457,0.35163,0.40983,0.28628,0.40125,0.37645,0.37483,0.30827,0.39563,0.42762,0.2964,0.38222,0.48489,0.48349,0.35795,0.67764,0.65865,0.70403,0.70728,0.67031,0.71277,0.59543,0.62777,0.43037,0.51212,0.51824,0.5232,0.79656,0.12382,0.08287,0.13647,0.05804,0.07406,0.08841],[0.46191,0.62985,0.60911,1,0.48147,0.48771,0.46081,0.46376,0.4876,0.48688,0.52937,0.57595,0.51688,0.43332,0.54199,0.52292,0.60396,0.49502,0.56994,0.65865,0.5745,0.52054,0.61879,0.62016,0.62704,0.63964,0.56182,0.58581,0.54225,0.55886,0.19385,0.23613,0.46496,0.43562,0.433,0.44592,0.46125,0.22954,0.29549,0.44707,0.27944,0.52,0.37688,0.52566,0.2259,0.29281,0.23759,0.30016,0.43713,0.36722,0.39351,0.27376,0.37381,0.39742,0.44031,0.30356,0.35492,0.46175,0.48346,0.53446,0.27992,0.415,0.33771,0.32874,0.43026,0.22443,0.40556,0.41471,0.4163,0.39336,0.45491,0.39958,0.3956,0.40486,0.32875,0.40146,0.25432,0.48477,0.59814,0.64719,0.62433,0.7074,0.70494,0.72901,0.55557,0.52929,0.48948,0.48331,0.56067,0.74546,0.13481,0.11721,0.07043,0.06241,0.07564,0.09592],[0.62107,0.49432,0.59294,0.48147,1,0.65576,0.54091,0.37872,0.42015,0.49032,0.4398,0.45738,0.40758,0.37204,0.44968,0.4334,0.53103,0.41935,0.67269,0.61505,0.60619,0.5594,0.7604,0.73881,0.55617,0.75602,0.44424,0.45678,0.45434,0.5684,0.21241,0.24582,0.40253,0.40037,0.44848,0.39939,0.43642,0.23323,0.28029,0.34941,0.26581,0.45651,0.35687,0.4797,0.17464,0.315,0.23402,0.29949,0.36201,0.33143,0.35458,0.24912,0.38107,0.37478,0.41108,0.21927,0.30442,0.39472,0.39993,0.38397,0.23824,0.34074,0.27492,0.28416,0.35967,0.24344,0.35812,0.3709,0.35295,0.28369,0.33141,0.36092,0.291,0.34592,0.39045,0.37647,0.30839,0.52355,0.56629,0.61822,0.63098,0.50983,0.5744,0.43622,0.58841,0.4402,0.46164,0.45678,0.51411,0.59055,0.06723,0.03345,0.08104,0.0638,0.09064,0.09419],[0.86333,0.60019,0.54778,0.48771,0.65576,1,0.70918,0.48273,0.56074,0.46471,0.43632,0.61595,0.55032,0.48165,0.63772,0.60776,0.51098,0.49594,0.78184,0.60982,0.58041,0.62016,0.73843,0.73897,0.61346,0.75345,0.47998,0.43737,0.4586,0.77775,0.14897,0.25564,0.56163,0.57823,0.39445,0.57971,0.39656,0.18524,0.20948,0.37016,0.24071,0.44578,0.29758,0.50922,0.15091,0.2818,0.21168,0.31126,0.40136,0.41781,0.34316,0.24357,0.51153,0.50088,0.45048,0.16869,0.29481,0.42419,0.4885,0.35274,0.22589,0.37103,0.28966,0.309,0.35352,0.19791,0.35969,0.33861,0.36561,0.20961,0.37851,0.37138,0.23642,0.43789,0.41588,0.56513,0.2747,0.50547,0.54279,0.58221,0.56117,0.46933,0.56771,0.53917,0.55885,0.48396,0.55682,0.63143,0.52725,0.53606,0.0698,0.02755,0.07218,0.04253,0.07704,0.08958],[0.78982,0.55291,0.46766,0.46081,0.54091,0.70918,1,0.45344,0.53144,0.4068,0.40889,0.58081,0.52383,0.42229,0.56589,0.53021,0.47028,0.47649,0.76604,0.55742,0.59297,0.57002,0.65944,0.70083,0.52475,0.69202,0.44158,0.38578,0.41387,0.67274,0.13602,0.19853,0.51725,0.51607,0.37012,0.51505,0.32858,0.1221,0.18501,0.36909,0.20038,0.38358,0.23185,0.46139,0.10324,0.2478,0.19798,0.26887,0.32625,0.34657,0.31408,0.18449,0.44327,0.42471,0.41514,0.12484,0.25722,0.4033,0.44224,0.3588,0.15707,0.33957,0.207,0.26074,0.28394,0.18934,0.33023,0.29743,0.33206,0.19685,0.37748,0.31724,0.20445,0.3994,0.32264,0.48335,0.21499,0.43362,0.4563,0.50331,0.48434,0.3932,0.5118,0.52706,0.49196,0.55719,0.54513,0.58717,0.48464,0.48625,0.0617,0.03071,0.04801,0.03952,0.05421,0.07616],[0.49969,0.56247,0.44351,0.46376,0.37872,0.48273,0.45344,1,0.84997,0.51727,0.41898,0.7148,0.62544,0.46636,0.66572,0.67458,0.54262,0.47468,0.48878,0.54512,0.4763,0.47017,0.4799,0.4876,0.65352,0.50507,0.37861,0.36948,0.39622,0.52988,0.13151,0.20991,0.50807,0.4825,0.36425,0.48912,0.40125,0.24779,0.26071,0.4137,0.25519,0.42961,0.32334,0.54947,0.15801,0.2499,0.23071,0.24805,0.46195,0.36819,0.36092,0.28563,0.40186,0.43803,0.45392,0.22071,0.39487,0.44217,0.55063,0.38904,0.20153,0.43292,0.26362,0.24112,0.34232,0.19605,0.37415,0.34101,0.34356,0.25593,0.46206,0.31917,0.30024,0.44875,0.34348,0.44341,0.19102,0.47464,0.51256,0.59371,0.58681,0.43676,0.51659,0.58035,0.51879,0.38548,0.54,0.58497,0.46709,0.50965,0.0327,0.01892,0.06952,0.02912,0.05667,0.13518],[0.57026,0.58707,0.45973,0.4876,0.42015,0.56074,0.53144,0.84997,1,0.48862,0.43337,0.72765,0.62183,0.49975,0.68413,0.6615,0.55044,0.54943,0.55075,0.57688,0.52594,0.51991,0.51772,0.53685,0.64386,0.58381,0.45039,0.40703,0.4402,0.59909,0.1737,0.21283,0.60081,0.56528,0.40291,0.58519,0.38845,0.20645,0.24925,0.44213,0.2668,0.49235,0.30546,0.52697,0.12269,0.27151,0.21888,0.27274,0.45303,0.40323,0.333,0.2516,0.48848,0.4897,0.49754,0.16748,0.34371,0.45542,0.55527,0.36738,0.15184,0.45129,0.24227,0.25674,0.32272,0.20816,0.40608,0.36119,0.39318,0.24679,0.47881,0.36358,0.29539,0.50131,0.33431,0.51751,0.20742,0.45625,0.50783,0.59852,0.57956,0.41491,0.55232,0.55858,0.58758,0.4753,0.60197,0.6594,0.52954,0.51337,0.0243,0.02722,0.05428,0.04032,0.04818,0.08827],[0.45318,0.49235,0.58406,0.48688,0.49032,0.46471,0.4068,0.51727,0.48862,1,0.51514,0.5784,0.69084,0.49998,0.61221,0.66214,0.67308,0.49358,0.51444,0.54271,0.5684,0.59452,0.5594,0.57198,0.65917,0.56633,0.44185,0.43024,0.48204,0.47762,0.16651,0.30382,0.42569,0.43122,0.46958,0.4258,0.57944,0.35749,0.28102,0.38608,0.32218,0.47789,0.41009,0.59332,0.25739,0.34228,0.26641,0.30062,0.48365,0.40694,0.46836,0.40565,0.40299,0.45701,0.46732,0.3067,0.42215,0.46866,0.50065,0.45876,0.30633,0.39024,0.45053,0.33986,0.4472,0.30172,0.40735,0.40052,0.38073,0.30361,0.35445,0.45898,0.35582,0.44912,0.42577,0.42731,0.32199,0.58485,0.64347,0.684,0.70979,0.52252,0.56328,0.4579,0.57366,0.38118,0.48213,0.48049,0.55528,0.61549,0.01038,0.02083,0.10725,0.04106,0.08422,0.09841],[0.41657,0.47472,0.53983,0.52937,0.4398,0.43632,0.40889,0.41898,0.43337,0.51514,1,0.54642,0.48918,0.42261,0.54969,0.48042,0.61449,0.43665,0.45969,0.54487,0.51191,0.47616,0.51045,0.53118,0.56769,0.56333,0.40398,0.41971,0.42256,0.44396,0.20224,0.30904,0.45202,0.45005,0.45901,0.43656,0.47,0.31826,0.29023,0.36411,0.29104,0.4394,0.38545,0.50492,0.26744,0.29322,0.27024,0.32387,0.39192,0.40002,0.45379,0.38313,0.40537,0.4387,0.46713,0.31275,0.41028,0.43444,0.53834,0.45465,0.31759,0.37796,0.48408,0.38418,0.40485,0.27363,0.42194,0.39424,0.40297,0.31948,0.4105,0.46093,0.31209,0.40236,0.40287,0.44656,0.29231,0.52024,0.58208,0.59643,0.61432,0.48029,0.52382,0.46007,0.49872,0.37121,0.43281,0.43784,0.50321,0.5774,0.01476,0.03221,0.07957,0.03039,0.05113,0.10101],[0.63818,0.66983,0.55306,0.57595,0.45738,0.61595,0.58081,0.7148,0.72765,0.5784,0.54642,1,0.80205,0.61529,0.84525,0.8184,0.6724,0.57986,0.59843,0.63536,0.57829,0.56262,0.53284,0.57193,0.73761,0.60508,0.47918,0.43084,0.47546,0.66916,0.15654,0.25636,0.64725,0.62718,0.4456,0.63397,0.48617,0.27196,0.26143,0.49659,0.27566,0.5004,0.32721,0.63408,0.20081,0.32245,0.27366,0.31851,0.51913,0.45655,0.46051,0.33981,0.5234,0.53616,0.54576,0.29936,0.46388,0.51707,0.657,0.46015,0.28676,0.49846,0.36455,0.32232,0.45664,0.21723,0.4605,0.3835,0.39438,0.25989,0.55459,0.38794,0.3376,0.58694,0.41046,0.58456,0.244,0.5184,0.56512,0.64374,0.64057,0.51416,0.63967,0.67263,0.59064,0.46644,0.64133,0.70065,0.56195,0.6019,0.04739,0.04035,0.06603,0.03755,0.05816,0.13734],[0.57259,0.62429,0.54653,0.51688,0.40758,0.55032,0.52383,0.62544,0.62183,0.69084,0.48918,0.80205,1,0.68967,0.77191,0.83066,0.73326,0.5677,0.55202,0.56859,0.55202,0.56515,0.50378,0.55044,0.645,0.55529,0.45547,0.42061,0.45485,0.62173,0.15222,0.26368,0.57934,0.56749,0.43644,0.56414,0.49713,0.25761,0.2207,0.47542,0.28618,0.45926,0.34132,0.58444,0.18535,0.30819,0.26792,0.30623,0.47752,0.4181,0.44352,0.30385,0.4691,0.48659,0.50674,0.3184,0.46573,0.48442,0.59874,0.45312,0.3099,0.48056,0.29172,0.2711,0.42774,0.23423,0.42342,0.38797,0.39881,0.27815,0.52351,0.38607,0.34697,0.58759,0.39426,0.53136,0.21309,0.49654,0.51213,0.59407,0.57472,0.47078,0.57718,0.59739,0.5794,0.43091,0.59324,0.64687,0.5341,0.54417,0.04109,0.02758,0.07033,0.02681,0.07379,0.10627],[0.4916,0.48937,0.46029,0.43332,0.37204,0.48165,0.42229,0.46636,0.49975,0.49998,0.42261,0.61529,0.68967,1,0.54965,0.62917,0.56946,0.47074,0.44967,0.4552,0.47766,0.4844,0.42015,0.46008,0.51795,0.47803,0.38476,0.35783,0.35585,0.49778,0.15381,0.23899,0.52639,0.51195,0.39221,0.5296,0.46815,0.23174,0.16498,0.41794,0.19942,0.36343,0.24986,0.42465,0.17839,0.25259,0.21899,0.26096,0.36964,0.38321,0.29597,0.26093,0.46802,0.47991,0.41753,0.21594,0.32746,0.38982,0.46406,0.37276,0.25558,0.37897,0.26759,0.30132,0.3442,0.21097,0.35366,0.32003,0.33049,0.20084,0.43408,0.35176,0.22166,0.54104,0.38994,0.50131,0.24051,0.44625,0.4589,0.48656,0.4782,0.36922,0.46477,0.47411,0.49929,0.39223,0.52278,0.56962,0.46984,0.44847,0.02415,0.02895,0.0463,0.03706,0.06711,0.05561],[0.63506,0.70606,0.57761,0.54199,0.44968,0.63772,0.56589,0.66572,0.68413,0.61221,0.54969,0.84525,0.77191,0.54965,1,0.8836,0.64722,0.59824,0.60176,0.65865,0.56453,0.59365,0.55071,0.57835,0.77052,0.60953,0.44021,0.41896,0.4814,0.68625,0.14824,0.23588,0.60758,0.61043,0.43856,0.59808,0.45786,0.23271,0.23011,0.44984,0.25355,0.46319,0.33193,0.64503,0.17589,0.28865,0.25337,0.30851,0.57096,0.52065,0.43143,0.29583,0.53473,0.54593,0.50451,0.27724,0.39197,0.50446,0.60956,0.4493,0.27668,0.45263,0.31321,0.30064,0.48124,0.20937,0.40512,0.35825,0.38594,0.27235,0.49668,0.41948,0.30563,0.51893,0.43285,0.56974,0.25668,0.55562,0.57279,0.6564,0.66313,0.55591,0.64132,0.65846,0.58753,0.43585,0.59397,0.67289,0.54496,0.60604,0.059,0.03852,0.07872,0.0365,0.07318,0.14633],[0.61886,0.68553,0.56463,0.52292,0.4334,0.60776,0.53021,0.67458,0.6615,0.66214,0.48042,0.8184,0.83066,0.62917,0.8836,1,0.64327,0.56343,0.58562,0.62882,0.57553,0.60598,0.5325,0.55801,0.73468,0.57105,0.44163,0.42187,0.46421,0.65346,0.12321,0.23886,0.57258,0.55558,0.40934,0.56651,0.49883,0.25816,0.22109,0.42842,0.25768,0.42687,0.32324,0.62388,0.18011,0.29558,0.25202,0.31045,0.5559,0.45713,0.40044,0.31544,0.47058,0.48591,0.48515,0.2547,0.41613,0.50024,0.59036,0.43517,0.25837,0.44165,0.30957,0.29801,0.45436,0.19839,0.40873,0.36398,0.36254,0.24352,0.47774,0.41627,0.28775,0.53497,0.4021,0.53768,0.23835,0.53098,0.551,0.6342,0.6339,0.52762,0.60697,0.62412,0.58782,0.44033,0.61188,0.69367,0.56526,0.57293,0.03938,0.03639,0.0827,0.03445,0.08705,0.14659],[0.48868,0.59732,0.58872,0.60396,0.53103,0.51098,0.47028,0.54262,0.55044,0.67308,0.61449,0.6724,0.73326,0.56946,0.64722,0.64327,1,0.55443,0.57823,0.65826,0.61371,0.55948,0.61881,0.64026,0.65442,0.68143,0.54224,0.51689,0.57439,0.55582,0.23653,0.27721,0.49598,0.47814,0.51134,0.46697,0.52851,0.27144,0.29756,0.44899,0.2952,0.56717,0.39693,0.52677,0.17885,0.3304,0.27563,0.31758,0.44927,0.41106,0.47738,0.31629,0.42739,0.45523,0.50403,0.38515,0.48064,0.48511,0.57471,0.52547,0.34995,0.45767,0.35792,0.35132,0.46074,0.28963,0.45246,0.43874,0.46234,0.35456,0.4546,0.47231,0.36316,0.51073,0.39985,0.44505,0.28618,0.51227,0.59616,0.73681,0.71421,0.60653,0.6703,0.56697,0.66446,0.49066,0.55029,0.55402,0.60119,0.69765,0.07199,0.05459,0.08538,0.04208,0.08706,0.10572],[0.49495,0.53604,0.47391,0.49502,0.41935,0.49594,0.47649,0.47468,0.54943,0.49358,0.43665,0.57986,0.5677,0.47074,0.59824,0.56343,0.55443,1,0.4986,0.54105,0.52663,0.49424,0.47625,0.5188,0.5446,0.55999,0.40404,0.36853,0.42865,0.53111,0.14607,0.26199,0.50909,0.51747,0.45284,0.50486,0.39667,0.19449,0.25974,0.49708,0.29609,0.52869,0.3269,0.48454,0.16101,0.31151,0.22526,0.30844,0.48145,0.55833,0.33304,0.21789,0.48393,0.51163,0.50957,0.1944,0.32593,0.45519,0.51265,0.39516,0.20617,0.46612,0.26304,0.31369,0.35888,0.27098,0.39403,0.38581,0.42029,0.28,0.41492,0.37775,0.33783,0.4609,0.4069,0.45066,0.24504,0.47316,0.45304,0.54388,0.52342,0.46628,0.53159,0.48101,0.58353,0.44243,0.52764,0.5482,0.50774,0.51278,0.03315,0.02982,0.04366,0.04229,0.05007,0.03416],[0.83788,0.60426,0.54703,0.56994,0.67269,0.78184,0.76604,0.48878,0.55075,0.51444,0.45969,0.59843,0.55202,0.44967,0.60176,0.58562,0.57823,0.4986,1,0.66256,0.68805,0.71101,0.86883,0.89264,0.64378,0.82859,0.56761,0.46616,0.50564,0.70982,0.15838,0.25812,0.52765,0.52147,0.44787,0.52237,0.42301,0.18715,0.24563,0.41161,0.2865,0.48328,0.31458,0.52295,0.16505,0.30129,0.2223,0.32476,0.40359,0.39424,0.37257,0.25218,0.44973,0.45901,0.45815,0.21201,0.34216,0.43761,0.48985,0.39902,0.20499,0.39067,0.27986,0.32218,0.37756,0.21638,0.37781,0.39578,0.40115,0.26725,0.41051,0.43075,0.27889,0.41128,0.39014,0.50464,0.27017,0.51644,0.59139,0.64441,0.62677,0.5038,0.60436,0.56,0.5841,0.60031,0.59173,0.63752,0.59553,0.59489,0.05095,0.03855,0.0838,0.05042,0.09039,0.08752],[0.58556,0.78842,0.70677,0.65865,0.61505,0.60982,0.55742,0.54512,0.57688,0.54271,0.54487,0.63536,0.56859,0.4552,0.65865,0.62882,0.65826,0.54105,0.66256,1,0.68144,0.62957,0.71423,0.69725,0.75821,0.72482,0.5537,0.5335,0.55483,0.66904,0.18474,0.24385,0.52393,0.49408,0.48029,0.50387,0.45778,0.21843,0.30348,0.43988,0.28443,0.53365,0.34494,0.55336,0.16442,0.30129,0.25609,0.3165,0.43386,0.3956,0.39568,0.28139,0.44129,0.44439,0.47918,0.27735,0.33851,0.46213,0.4983,0.4539,0.26704,0.41739,0.33258,0.38072,0.45387,0.2335,0.42808,0.41393,0.42829,0.2932,0.4337,0.49269,0.29658,0.41189,0.38725,0.46772,0.28645,0.55165,0.60007,0.69473,0.70639,0.66335,0.7047,0.63979,0.6853,0.56269,0.63537,0.65211,0.66557,0.72833,0.08878,0.04215,0.08106,0.04567,0.08346,0.10412],[0.58319,0.57015,0.53873,0.5745,0.60619,0.58041,0.59297,0.4763,0.52594,0.5684,0.51191,0.57829,0.55202,0.47766,0.56453,0.57553,0.61371,0.52663,0.68805,0.68144,1,0.79342,0.70286,0.72402,0.64377,0.73656,0.52844,0.5055,0.54406,0.60315,0.20135,0.24333,0.52947,0.49721,0.50393,0.50941,0.45622,0.2225,0.29627,0.43285,0.30985,0.54222,0.36077,0.51558,0.16627,0.33923,0.25153,0.32804,0.41051,0.39523,0.37088,0.26354,0.46073,0.44177,0.46666,0.24597,0.37394,0.46304,0.47861,0.47645,0.23192,0.39066,0.29266,0.31867,0.3782,0.25975,0.43102,0.42029,0.42249,0.31075,0.41723,0.4482,0.31887,0.44421,0.37872,0.4607,0.28662,0.54422,0.57045,0.64366,0.65533,0.5256,0.59871,0.55267,0.69624,0.58977,0.65365,0.65227,0.67066,0.60206,0.00906,0.027,0.04394,0.04178,0.09372,0.04815],[0.61989,0.56919,0.58219,0.52054,0.5594,0.62016,0.57002,0.47017,0.51991,0.59452,0.47616,0.56262,0.56515,0.4844,0.59365,0.60598,0.55948,0.49424,0.71101,0.62957,0.79342,1,0.69607,0.70707,0.66287,0.67867,0.4733,0.44949,0.47954,0.63047,0.17374,0.27912,0.49377,0.48807,0.41576,0.49654,0.47192,0.2624,0.23791,0.37947,0.28521,0.43981,0.32673,0.53217,0.17277,0.30232,0.21674,0.29104,0.40255,0.39628,0.37249,0.30183,0.43484,0.44978,0.44218,0.21538,0.31058,0.45401,0.46947,0.40813,0.20681,0.37628,0.36119,0.31023,0.36771,0.21463,0.36444,0.37251,0.36385,0.28831,0.39049,0.45234,0.29609,0.42785,0.40495,0.48807,0.30197,0.58303,0.59125,0.64491,0.66023,0.53218,0.58928,0.54314,0.64309,0.50421,0.60665,0.64233,0.60815,0.5683,0.02884,0.02941,0.09627,0.03964,0.10389,0.06169],[0.72543,0.58051,0.61922,0.61879,0.7604,0.73843,0.65944,0.4799,0.51772,0.5594,0.51045,0.53284,0.50378,0.42015,0.55071,0.5325,0.61881,0.47625,0.86883,0.71423,0.70286,0.69607,1,0.91483,0.65928,0.91144,0.58894,0.53831,0.54931,0.63657,0.2135,0.2786,0.48148,0.46744,0.47218,0.47602,0.47663,0.24287,0.29064,0.39135,0.32251,0.52883,0.38095,0.53514,0.17793,0.33834,0.23155,0.31933,0.38244,0.37757,0.38878,0.30112,0.41761,0.44184,0.47337,0.23968,0.35629,0.45701,0.48649,0.4436,0.23914,0.38089,0.30155,0.33688,0.41635,0.23638,0.40796,0.42277,0.41899,0.3163,0.3892,0.43274,0.31059,0.38106,0.40426,0.45327,0.30892,0.57373,0.67866,0.72548,0.7164,0.57389,0.6323,0.53699,0.66185,0.54988,0.5415,0.55354,0.63555,0.66772,0.06576,0.04249,0.09039,0.05826,0.08907,0.10391],[0.77455,0.59286,0.62603,0.62016,0.73881,0.73898,0.70083,0.4876,0.53685,0.57198,0.53118,0.57193,0.55044,0.46008,0.57835,0.55801,0.64026,0.5188,0.89264,0.69725,0.72402,0.70707,0.91483,1,0.65843,0.92062,0.56827,0.52728,0.55207,0.66497,0.19228,0.28197,0.5109,0.49284,0.50482,0.50821,0.49329,0.23556,0.28366,0.41904,0.33263,0.54445,0.38557,0.56422,0.1866,0.34511,0.23624,0.34766,0.40345,0.38696,0.40299,0.29263,0.44507,0.48094,0.4919,0.23662,0.36923,0.47788,0.51757,0.4707,0.24129,0.41279,0.31982,0.33477,0.39604,0.26105,0.4299,0.43335,0.43025,0.3251,0.41742,0.43249,0.32414,0.41826,0.42919,0.48267,0.30567,0.60059,0.64614,0.73044,0.70912,0.57091,0.64515,0.56023,0.67224,0.55698,0.56172,0.58451,0.61407,0.67221,0.06557,0.0404,0.07895,0.04869,0.09086,0.09122],[0.58522,0.70134,0.70004,0.62704,0.55617,0.61346,0.52475,0.65352,0.64386,0.65917,0.56769,0.73761,0.645,0.51795,0.77052,0.73468,0.65442,0.5446,0.64378,0.75821,0.64377,0.66287,0.65928,0.65843,1,0.67278,0.48868,0.48849,0.52843,0.62598,0.17985,0.30346,0.55582,0.5405,0.4953,0.53513,0.55541,0.32085,0.32306,0.48309,0.32207,0.52621,0.41979,0.68797,0.24702,0.33479,0.25704,0.34097,0.52705,0.48116,0.47603,0.36468,0.48096,0.52773,0.52027,0.30248,0.37869,0.52781,0.58565,0.47543,0.30873,0.46522,0.4636,0.3856,0.49866,0.27643,0.43538,0.42126,0.4272,0.31307,0.48099,0.49644,0.3278,0.46677,0.47227,0.52762,0.33527,0.70647,0.76214,0.79463,0.85728,0.61878,0.71248,0.64871,0.64151,0.50529,0.61401,0.63214,0.59561,0.71802,0.07734,0.04066,0.1216,0.05222,0.08509,0.16088],[0.75277,0.60864,0.63732,0.63964,0.75602,0.75345,0.69202,0.50507,0.58381,0.56633,0.56333,0.60508,0.55529,0.47803,0.60953,0.57105,0.68143,0.55999,0.82859,0.72482,0.73656,0.67867,0.91144,0.92062,0.67278,1,0.5874,0.55241,0.56978,0.67619,0.23825,0.2911,0.55714,0.53459,0.52383,0.55072,0.49543,0.23847,0.30511,0.44164,0.32864,0.60308,0.3964,0.55969,0.18819,0.3718,0.25098,0.35841,0.42111,0.42153,0.41366,0.29261,0.4854,0.49807,0.53319,0.25166,0.37547,0.51141,0.53983,0.47333,0.26217,0.43756,0.31632,0.35726,0.42829,0.27556,0.45031,0.44003,0.45533,0.33845,0.44521,0.45677,0.34422,0.44893,0.43099,0.51969,0.32846,0.59535,0.67519,0.74449,0.73357,0.59257,0.67828,0.57213,0.73759,0.5877,0.58743,0.61242,0.6433,0.69243,0.07184,0.04467,0.08125,0.05713,0.0937,0.08674],[0.45947,0.48409,0.4884,0.56182,0.44424,0.47998,0.44158,0.37861,0.45039,0.44185,0.40398,0.47918,0.45547,0.38476,0.44021,0.44163,0.54224,0.40404,0.56761,0.5537,0.52844,0.4733,0.58894,0.56827,0.48868,0.5874,1,0.85374,0.7336,0.48034,0.1849,0.25758,0.44668,0.43532,0.43015,0.43481,0.39935,0.17281,0.25388,0.34351,0.2711,0.46619,0.3352,0.37555,0.13397,0.30794,0.21123,0.29139,0.31929,0.31723,0.28983,0.22796,0.39631,0.39118,0.38107,0.18177,0.30888,0.36794,0.39966,0.37974,0.18853,0.34787,0.23907,0.23353,0.32659,0.20224,0.37656,0.41951,0.40249,0.27421,0.36392,0.32818,0.28171,0.35216,0.30519,0.38262,0.24471,0.38479,0.49731,0.57495,0.53437,0.47033,0.54026,0.46226,0.51733,0.53067,0.54156,0.50144,0.54684,0.55812,0.05638,0.05844,0.04231,0.05005,0.06197,0.04683],[0.40483,0.52061,0.52585,0.58581,0.45678,0.43737,0.38578,0.36948,0.40703,0.43024,0.41971,0.43084,0.42061,0.35783,0.41896,0.42187,0.51689,0.36853,0.46616,0.5335,0.5055,0.44949,0.53831,0.52728,0.48849,0.55241,0.85374,1,0.77783,0.45695,0.1973,0.24313,0.40402,0.40264,0.44072,0.39704,0.39199,0.19492,0.29245,0.32558,0.24877,0.44575,0.35695,0.4001,0.1653,0.29641,0.19998,0.30573,0.34262,0.30801,0.27631,0.23692,0.36019,0.36305,0.3617,0.19505,0.30847,0.36523,0.36334,0.3867,0.19274,0.32601,0.24895,0.23755,0.31031,0.21104,0.35128,0.40126,0.37319,0.2874,0.35526,0.30907,0.30029,0.32496,0.318,0.35449,0.26814,0.39893,0.47147,0.54202,0.53568,0.55146,0.5687,0.51455,0.50522,0.42584,0.48884,0.45146,0.50113,0.58679,0.06448,0.09423,0.04328,0.0448,0.0501,0.05284],[0.43793,0.55107,0.50642,0.54225,0.45434,0.4586,0.41387,0.39622,0.4402,0.48204,0.42256,0.47546,0.45485,0.35585,0.4814,0.46421,0.57439,0.42865,0.50564,0.55483,0.54406,0.47954,0.54931,0.55207,0.52843,0.56978,0.7336,0.77783,1,0.47746,0.21527,0.22131,0.42724,0.42115,0.45488,0.4234,0.38625,0.18672,0.28637,0.36265,0.27342,0.48941,0.36174,0.42066,0.13703,0.30914,0.20654,0.30141,0.38405,0.34131,0.27471,0.2327,0.36515,0.3818,0.36851,0.185,0.31585,0.3609,0.38261,0.38289,0.14691,0.36717,0.2347,0.27496,0.28755,0.19868,0.38408,0.39217,0.41161,0.26047,0.34876,0.37135,0.27771,0.35931,0.30564,0.37508,0.254,0.41184,0.46725,0.57184,0.55148,0.56322,0.55882,0.49334,0.52817,0.47016,0.50733,0.50072,0.53266,0.56226,0.04883,0.06849,0.0493,0.04371,0.05564,0.03563],[0.74462,0.65893,0.55119,0.55886,0.5684,0.77775,0.67274,0.52988,0.59909,0.47762,0.44396,0.66916,0.62173,0.49778,0.68625,0.65346,0.55582,0.53111,0.70982,0.66904,0.60315,0.63047,0.63657,0.66497,0.62598,0.67619,0.48034,0.45695,0.47746,1,0.13401,0.23002,0.59259,0.58834,0.42794,0.60505,0.38208,0.16851,0.21468,0.40897,0.2316,0.46134,0.27878,0.52356,0.1486,0.2618,0.20719,0.30321,0.42558,0.41327,0.35562,0.22873,0.50035,0.49683,0.46269,0.22754,0.30143,0.43023,0.49387,0.40479,0.24565,0.41563,0.26282,0.27714,0.37991,0.20138,0.35938,0.32763,0.36079,0.22425,0.40543,0.33919,0.24373,0.44956,0.38122,0.56711,0.25007,0.47183,0.5177,0.57842,0.55307,0.53084,0.64569,0.63478,0.54487,0.48908,0.58377,0.65522,0.54624,0.59318,0.14448,0.03058,0.07135,0.03762,0.07632,0.07928],[0.12871,0.14289,0.17325,0.19385,0.21241,0.14897,0.13602,0.13151,0.1737,0.16651,0.20224,0.15654,0.15222,0.15381,0.14824,0.12321,0.23653,0.14607,0.15838,0.18474,0.20135,0.17374,0.2135,0.19228,0.17985,0.23825,0.1849,0.1973,0.21527,0.13401,1,0.21804,0.1529,0.13644,0.21963,0.13619,0.29183,0.18382,0.22865,0.18647,0.16969,0.2334,0.22917,0.20106,0.14355,0.18948,0.17052,0.11613,0.28933,0.14687,0.29639,0.20796,0.13069,0.14484,0.20873,0.14888,0.18812,0.21718,0.2211,0.26705,0.14274,0.21523,0.13603,0.21741,0.22724,0.19576,0.27003,0.20439,0.23391,0.33885,0.30561,0.2948,0.3096,0.26844,0.17127,0.13678,0.2102,0.14691,0.19547,0.22379,0.23307,0.19454,0.20573,0.15977,0.24996,0.21054,0.17465,0.16244,0.23007,0.21584,0.00881,0.01619,0.00963,0.07777,0.02849,0.01297],[0.24618,0.19618,0.28955,0.23613,0.24582,0.25564,0.19853,0.20991,0.21283,0.30382,0.30904,0.25636,0.26368,0.23899,0.23588,0.23886,0.27721,0.26199,0.25812,0.24385,0.24333,0.27912,0.2786,0.28197,0.30346,0.2911,0.25758,0.24313,0.22131,0.23002,0.21804,1,0.43158,0.49414,0.40615,0.4647,0.42097,0.34557,0.19482,0.22825,0.28229,0.24735,0.26468,0.33124,0.30223,0.19584,0.13995,0.19371,0.2481,0.40236,0.31701,0.35591,0.53697,0.4932,0.34062,0.24337,0.27864,0.31473,0.35387,0.2627,0.2585,0.22003,0.36577,0.24311,0.26367,0.2036,0.26336,0.32048,0.25731,0.26126,0.30545,0.28896,0.27143,0.27028,0.51211,0.55411,0.46144,0.34017,0.33783,0.30936,0.3405,0.27698,0.27477,0.20488,0.27478,0.19056,0.24843,0.22076,0.24508,0.28143,0.01392,0.01597,0.07991,0.05438,0.03181,0.05159],[0.56812,0.54577,0.45642,0.46496,0.40253,0.56163,0.51725,0.50807,0.60081,0.42569,0.45202,0.64725,0.57934,0.52639,0.60758,0.57258,0.49598,0.50909,0.52765,0.52393,0.52947,0.49377,0.48148,0.5109,0.55582,0.55714,0.44668,0.40402,0.42724,0.59259,0.1529,0.43158,1,0.89085,0.6597,0.93817,0.37709,0.20313,0.18848,0.42041,0.22401,0.47146,0.26682,0.46991,0.25375,0.26536,0.19499,0.3164,0.39267,0.56312,0.28905,0.25938,0.77123,0.67139,0.46656,0.18055,0.3459,0.44463,0.53892,0.3559,0.20002,0.403,0.28124,0.28641,0.29242,0.19254,0.37667,0.34461,0.36798,0.23835,0.45645,0.32964,0.25612,0.47077,0.50492,0.84394,0.48225,0.47614,0.4575,0.49857,0.49934,0.39829,0.54156,0.5542,0.53222,0.43751,0.59508,0.6258,0.49884,0.46771,0.01013,0.03643,0.04638,0.04114,0.03942,0.03332],[0.57568,0.513,0.45668,0.43562,0.40037,0.57823,0.51607,0.4825,0.56528,0.43122,0.45005,0.62718,0.56749,0.51195,0.61043,0.55558,0.47814,0.51747,0.52147,0.49408,0.49721,0.48807,0.46744,0.49284,0.5405,0.53459,0.43532,0.40264,0.42115,0.58834,0.13644,0.49414,0.89085,1,0.65826,0.91414,0.38688,0.2271,0.17872,0.46352,0.23291,0.45568,0.29111,0.49878,0.26598,0.26613,0.2056,0.28918,0.41018,0.62684,0.32423,0.27434,0.82878,0.73435,0.44766,0.19547,0.3288,0.42017,0.52105,0.34392,0.23225,0.41554,0.32131,0.28491,0.31982,0.2127,0.37531,0.344,0.37349,0.23165,0.45705,0.33612,0.25583,0.46503,0.56898,0.88726,0.50153,0.47213,0.47553,0.49083,0.49765,0.39501,0.50738,0.51297,0.50565,0.4046,0.54823,0.58974,0.45272,0.45476,0.02482,0.03021,0.05307,0.0434,0.03794,0.04888],[0.39024,0.42287,0.45402,0.433,0.44848,0.39445,0.37012,0.36425,0.40291,0.46958,0.45901,0.4456,0.43644,0.39221,0.43856,0.40934,0.51134,0.45284,0.44787,0.48029,0.50393,0.41576,0.47218,0.50482,0.4953,0.52383,0.43015,0.44072,0.45488,0.42794,0.21963,0.40615,0.6597,0.65826,1,0.63072,0.38248,0.26816,0.31309,0.43224,0.29925,0.51746,0.39906,0.49276,0.32848,0.29541,0.24353,0.31611,0.3944,0.56055,0.35651,0.27069,0.55069,0.58911,0.39601,0.24294,0.33837,0.38808,0.45269,0.40985,0.25195,0.38921,0.29541,0.28329,0.28653,0.30087,0.41324,0.36887,0.36649,0.30475,0.35785,0.32002,0.31489,0.35193,0.50104,0.59183,0.52022,0.49093,0.47271,0.5312,0.54622,0.42066,0.48414,0.4044,0.49599,0.41531,0.41987,0.40017,0.43122,0.47658,0.01862,0.02714,0.04185,0.04364,0.03494,0.03707],[0.5776,0.52439,0.44888,0.44592,0.39939,0.57971,0.51505,0.48912,0.58519,0.4258,0.43656,0.63397,0.56414,0.5296,0.59808,0.56651,0.46697,0.50486,0.52237,0.50387,0.50941,0.49654,0.47602,0.50821,0.53513,0.55072,0.43481,0.39704,0.4234,0.60505,0.13619,0.4647,0.93817,0.91414,0.63072,1,0.3931,0.20372,0.16705,0.42833,0.22314,0.44664,0.26328,0.46576,0.24845,0.26276,0.19477,0.28775,0.38782,0.57213,0.2854,0.26962,0.82498,0.70983,0.45088,0.17486,0.3307,0.41422,0.51096,0.34432,0.19509,0.40041,0.29706,0.27827,0.29289,0.18799,0.37473,0.3376,0.35146,0.22308,0.43763,0.31607,0.25033,0.46731,0.53302,0.89468,0.49593,0.48504,0.47334,0.49107,0.48911,0.38605,0.50833,0.52174,0.51018,0.42428,0.56141,0.61731,0.48094,0.45034,0.01221,0.0323,0.04773,0.03908,0.03977,0.03682],[0.39571,0.39277,0.56043,0.46125,0.43642,0.39656,0.32858,0.40125,0.38845,0.57944,0.47,0.48617,0.49713,0.46815,0.45786,0.49883,0.52851,0.39667,0.42301,0.45778,0.45622,0.47192,0.47663,0.49329,0.55541,0.49543,0.39935,0.39199,0.38625,0.38208,0.29183,0.42097,0.37709,0.38688,0.38248,0.3931,1,0.50772,0.3034,0.36431,0.35129,0.42588,0.4659,0.56175,0.37881,0.38878,0.28808,0.30536,0.44582,0.40809,0.51954,0.47329,0.40594,0.43654,0.51797,0.33665,0.42797,0.53158,0.53568,0.52356,0.35309,0.42412,0.48381,0.40696,0.5353,0.39137,0.5646,0.43646,0.42327,0.44199,0.44089,0.471,0.45919,0.47315,0.4344,0.43697,0.3767,0.56083,0.6054,0.63519,0.64615,0.44383,0.489,0.39717,0.49858,0.34716,0.42408,0.40721,0.45782,0.58156,0.02767,0.01691,0.11591,0.07222,0.07222,0.1017],[0.16919,0.17889,0.32973,0.22954,0.23323,0.18524,0.1221,0.24779,0.20645,0.35749,0.31826,0.27196,0.25761,0.23174,0.23271,0.25816,0.27144,0.19449,0.18715,0.21843,0.2225,0.2624,0.24287,0.23556,0.32085,0.23847,0.17281,0.19492,0.18672,0.16851,0.18382,0.34557,0.20313,0.2271,0.26816,0.20372,0.50772,1,0.25673,0.22041,0.3431,0.26526,0.32239,0.3806,0.30488,0.27712,0.2054,0.23517,0.34089,0.24291,0.37312,0.71965,0.22526,0.24814,0.36382,0.28942,0.4338,0.39454,0.41262,0.31934,0.27741,0.2813,0.44169,0.25894,0.30703,0.32052,0.3707,0.33607,0.27839,0.27662,0.2715,0.25764,0.39263,0.30622,0.27319,0.27162,0.25762,0.36034,0.35997,0.35091,0.37314,0.2851,0.26586,0.1754,0.23661,0.16998,0.17685,0.16781,0.20282,0.33606,0.01867,0.01698,0.09029,0.07887,0.02148,0.04668],[0.19429,0.21832,0.25216,0.29549,0.28029,0.20948,0.18501,0.26071,0.24925,0.28102,0.29023,0.26143,0.2207,0.16498,0.23011,0.22109,0.29756,0.25974,0.24563,0.30348,0.29627,0.23791,0.29064,0.28366,0.32306,0.30511,0.25388,0.29245,0.28637,0.21468,0.22865,0.19482,0.18848,0.17872,0.31309,0.16705,0.3034,0.25673,1,0.33849,0.38034,0.43618,0.40536,0.3252,0.14137,0.26088,0.26304,0.25535,0.25766,0.23903,0.37003,0.19368,0.15984,0.20325,0.25761,0.18419,0.23943,0.26396,0.28689,0.34582,0.21648,0.32916,0.22519,0.22586,0.28869,0.22244,0.36219,0.34645,0.27496,0.27797,0.27767,0.25258,0.34648,0.22629,0.24643,0.19375,0.18675,0.24744,0.30243,0.33265,0.34704,0.3099,0.30135,0.22167,0.29007,0.2306,0.21032,0.18699,0.26505,0.32151,0.00109,0.00012,0.00701,0.07073,0.02228,0.06814],[0.37685,0.42316,0.38617,0.44707,0.34941,0.37016,0.36909,0.4137,0.44213,0.38608,0.36411,0.49659,0.47542,0.41794,0.44984,0.42842,0.44899,0.49708,0.41161,0.43988,0.43285,0.37947,0.39135,0.41904,0.48309,0.44164,0.34351,0.32558,0.36265,0.40897,0.18647,0.22825,0.42041,0.46352,0.43224,0.42833,0.36431,0.22041,0.33849,1,0.38575,0.5212,0.47726,0.47708,0.17808,0.36927,0.27656,0.3131,0.37494,0.38829,0.37047,0.24288,0.36789,0.40214,0.41211,0.24676,0.3026,0.39427,0.48549,0.40214,0.20314,0.55149,0.26233,0.28866,0.3166,0.26464,0.42423,0.39666,0.42097,0.26629,0.40931,0.33524,0.33588,0.43132,0.34541,0.40033,0.22028,0.38351,0.40234,0.46239,0.47045,0.39285,0.47183,0.4062,0.43355,0.38055,0.40519,0.40952,0.38871,0.44262,0.02865,0.03211,0.04253,0.05453,0.06094,0.0626],[0.23852,0.2148,0.27752,0.27944,0.26581,0.24071,0.20038,0.25519,0.2668,0.32218,0.29104,0.27566,0.28618,0.19942,0.25355,0.25768,0.2952,0.29609,0.2865,0.28443,0.30985,0.28521,0.32251,0.33263,0.32207,0.32864,0.2711,0.24877,0.27342,0.2316,0.16969,0.28229,0.22401,0.23291,0.29925,0.22314,0.35129,0.3431,0.38034,0.38575,1,0.47742,0.54647,0.35808,0.23406,0.54734,0.26015,0.41841,0.28831,0.2635,0.37608,0.39237,0.20312,0.24058,0.35708,0.2026,0.35424,0.31157,0.39679,0.32159,0.20922,0.40339,0.23504,0.25548,0.25704,0.22854,0.33691,0.529,0.39757,0.26364,0.31585,0.27263,0.35983,0.27337,0.24247,0.22766,0.16533,0.28119,0.32754,0.36335,0.3686,0.27542,0.2962,0.1862,0.31168,0.26914,0.25078,0.23646,0.27926,0.30405,-0.00325,0.00222,0.02219,0.06647,0.01734,0.03111],[0.42053,0.44375,0.43953,0.52,0.45651,0.44578,0.38358,0.42961,0.49235,0.47789,0.4394,0.5004,0.45926,0.36343,0.46319,0.42687,0.56717,0.5287,0.48328,0.53365,0.54222,0.43981,0.52883,0.54445,0.52621,0.60308,0.46619,0.44575,0.48941,0.46134,0.2334,0.24735,0.47146,0.45568,0.51746,0.44664,0.42588,0.26526,0.43618,0.5212,0.47742,1,0.53233,0.44076,0.21959,0.42346,0.31597,0.36425,0.38025,0.37489,0.40215,0.285,0.40002,0.41424,0.49784,0.22375,0.40087,0.42775,0.51625,0.46282,0.21671,0.53942,0.29213,0.29496,0.36744,0.32859,0.47685,0.50426,0.50171,0.36056,0.43441,0.37058,0.46568,0.44263,0.32732,0.41002,0.28627,0.43509,0.51416,0.57898,0.58758,0.47131,0.54038,0.42818,0.57483,0.4516,0.44481,0.44369,0.52791,0.54018,0.01193,0.03065,0.01999,0.07102,0.03567,0.03299],[0.26959,0.28235,0.39576,0.37688,0.35687,0.29758,0.23185,0.32334,0.30546,0.41009,0.38545,0.32721,0.34132,0.24986,0.33193,0.32324,0.39693,0.3269,0.31458,0.34494,0.36077,0.32673,0.38095,0.38557,0.41979,0.3964,0.3352,0.35695,0.36174,0.27878,0.22917,0.26468,0.26682,0.29111,0.39906,0.26328,0.4659,0.32239,0.40536,0.47726,0.54647,0.53233,1,0.46477,0.2528,0.53523,0.32465,0.49309,0.34743,0.30539,0.41896,0.33337,0.25088,0.29956,0.35797,0.26503,0.3115,0.35497,0.3973,0.40736,0.21929,0.44749,0.33524,0.24429,0.32721,0.29408,0.39923,0.50482,0.43875,0.338,0.34914,0.29878,0.40429,0.32268,0.34548,0.26886,0.27425,0.41072,0.44408,0.48923,0.50659,0.38046,0.40261,0.29212,0.38742,0.28402,0.27616,0.25418,0.32649,0.40713,0.01925,-0.00055,0.04942,0.06683,0.03526,0.06574],[0.50289,0.52122,0.60683,0.52566,0.4797,0.50922,0.46139,0.54947,0.52697,0.59332,0.50492,0.63408,0.58444,0.42465,0.64503,0.62388,0.52677,0.48454,0.52295,0.55336,0.51558,0.53217,0.53514,0.56422,0.68797,0.55969,0.37555,0.4001,0.42066,0.52356,0.20106,0.33124,0.46991,0.49878,0.49276,0.46576,0.56175,0.3806,0.3252,0.47708,0.35808,0.44076,0.46477,1,0.30367,0.3175,0.2719,0.28707,0.53741,0.49766,0.49253,0.39056,0.40638,0.57399,0.47376,0.29641,0.38789,0.51235,0.56947,0.50361,0.27498,0.45688,0.42392,0.33395,0.46481,0.31971,0.42375,0.38313,0.37896,0.3575,0.45313,0.37914,0.43265,0.44787,0.55783,0.48299,0.32419,0.61531,0.63039,0.66631,0.69121,0.53924,0.60018,0.53401,0.57357,0.37189,0.49517,0.49493,0.47702,0.59023,0.0368,0.01921,0.09305,0.0443,0.06318,0.12598],[0.14951,0.12228,0.23623,0.2259,0.17464,0.15091,0.10324,0.15801,0.12269,0.25739,0.26744,0.20081,0.18535,0.17839,0.17589,0.18011,0.17885,0.16101,0.16505,0.16442,0.16627,0.17277,0.17793,0.1866,0.24702,0.18819,0.13397,0.1653,0.13703,0.1486,0.14355,0.30223,0.25375,0.26598,0.32848,0.24845,0.37881,0.30488,0.14137,0.17808,0.23406,0.21959,0.2528,0.30367,1,0.16638,0.15847,0.15457,0.19197,0.28661,0.3551,0.27318,0.24386,0.30455,0.33971,0.29118,0.32987,0.28416,0.27927,0.28679,0.26101,0.26757,0.32398,0.25125,0.24854,0.45171,0.26191,0.22552,0.20919,0.20351,0.22699,0.21319,0.32171,0.22992,0.33085,0.28007,0.31442,0.29111,0.30622,0.25403,0.27465,0.17947,0.19852,0.17048,0.15044,0.11501,0.10869,0.09264,0.12476,0.26964,-0.01093,0.01276,0.10445,0.05214,0.02342,0.02686],[0.27341,0.25984,0.32186,0.29281,0.315,0.2818,0.2478,0.2499,0.27151,0.34228,0.29322,0.32245,0.30819,0.25259,0.28865,0.29558,0.3304,0.31151,0.30129,0.30129,0.33923,0.30232,0.33834,0.34511,0.33479,0.3718,0.30794,0.29641,0.30914,0.2618,0.18948,0.19584,0.26536,0.26613,0.29541,0.26276,0.38878,0.27712,0.26088,0.36927,0.54734,0.42346,0.53523,0.3175,0.16638,1,0.21451,0.59402,0.27467,0.23547,0.32239,0.31571,0.26065,0.23333,0.30125,0.17908,0.28142,0.27449,0.32596,0.33423,0.19109,0.33686,0.27703,0.25821,0.30389,0.20526,0.37784,0.45235,0.37835,0.23021,0.27457,0.26606,0.26543,0.25982,0.22267,0.25519,0.19974,0.3026,0.35614,0.37381,0.39546,0.28829,0.30736,0.22621,0.36868,0.30388,0.26832,0.29492,0.33962,0.32452,0.02402,0.02648,0.03747,0.06976,0.0482,0.03369],[0.2107,0.19525,0.22347,0.23759,0.23402,0.21168,0.19798,0.23071,0.21888,0.26641,0.27024,0.27366,0.26792,0.21899,0.25337,0.25202,0.27563,0.22526,0.2223,0.25609,0.25153,0.21674,0.23155,0.23624,0.25704,0.25098,0.21123,0.19998,0.20654,0.20719,0.17052,0.13995,0.19499,0.2056,0.24353,0.19477,0.28808,0.2054,0.26304,0.27656,0.26015,0.31597,0.32465,0.2719,0.15847,0.21451,1,0.20662,0.20408,0.17725,0.33973,0.24454,0.19478,0.18805,0.27011,0.25017,0.295,0.27177,0.29503,0.36979,0.24009,0.32619,0.24285,0.26382,0.3068,0.21343,0.48138,0.32879,0.32416,0.25142,0.45449,0.25236,0.31002,0.30385,0.18964,0.19435,0.19031,0.23451,0.2587,0.25935,0.26219,0.2183,0.22449,0.19063,0.23118,0.19411,0.22064,0.18392,0.25028,0.2554,-0.01522,0.00642,0.01916,0.01911,0.00882,0.02126],[0.31871,0.28628,0.30429,0.30016,0.29949,0.31126,0.26887,0.24805,0.27274,0.30062,0.32387,0.31851,0.30623,0.26096,0.30851,0.31045,0.31758,0.30844,0.32476,0.3165,0.32804,0.29104,0.31933,0.34766,0.34097,0.35841,0.29139,0.30573,0.30141,0.30321,0.11613,0.19371,0.3164,0.28918,0.31611,0.28775,0.30536,0.23517,0.25535,0.3131,0.41841,0.36425,0.49309,0.28707,0.15457,0.59402,0.20662,1,0.27731,0.26416,0.30191,0.29754,0.25994,0.24887,0.30333,0.11927,0.30685,0.32837,0.3679,0.2924,0.17895,0.30665,0.29016,0.27916,0.28662,0.17071,0.27899,0.43142,0.37012,0.22003,0.27733,0.29385,0.21715,0.23953,0.22512,0.27154,0.2017,0.29784,0.31996,0.34951,0.364,0.28093,0.31599,0.27336,0.32787,0.28172,0.27383,0.2983,0.32054,0.29849,0.03922,0.01659,0.02908,0.06077,0.04231,0.03268],[0.38619,0.47089,0.42272,0.43713,0.36201,0.40136,0.32625,0.46195,0.45303,0.48365,0.39192,0.51913,0.47752,0.36964,0.57096,0.5559,0.44927,0.48145,0.40359,0.43386,0.41051,0.40255,0.38244,0.40345,0.52705,0.42111,0.31929,0.34262,0.38405,0.42558,0.28933,0.2481,0.39267,0.41018,0.3944,0.38782,0.44582,0.34089,0.25766,0.37494,0.28831,0.38025,0.34743,0.53741,0.19197,0.27467,0.20408,0.27731,1,0.52031,0.38955,0.32911,0.37373,0.39294,0.39106,0.23453,0.32192,0.41082,0.42886,0.42354,0.18552,