{"model":"multimodalembedding@001","docs":[{"type":"image","name":"Primary Total Hip Arthroplasty - Posterior Approach Resident Training (Cadaver) [XB2cUiSj_9I]-012.jpg"},{"type":"image","name":"Primary Total Hip Arthroplasty - Posterior Approach Resident Training (Cadaver) [XB2cUiSj_9I]-027.jpg"},{"type":"image","name":"Primary Total Hip Arthroplasty - Posterior Approach Resident Training (Cadaver) [XB2cUiSj_9I]-042.jpg"},{"type":"image","name":"Primary Total Hip Arthroplasty - Posterior Approach Resident Training (Cadaver) [XB2cUiSj_9I]-057.jpg"},{"type":"image","name":"Primary Total Hip Arthroplasty - Posterior Approach Resident Training (Cadaver) [XB2cUiSj_9I]-072.jpg"},{"type":"image","name":"Primary Total Hip Arthroplasty - Posterior Approach Resident Training (Cadaver) [XB2cUiSj_9I]-087.jpg"},{"type":"image","name":"Primary Total Hip Arthroplasty - Posterior Approach Resident Training (Cadaver) [XB2cUiSj_9I]-102.jpg"},{"type":"image","name":"Primary Total Hip Arthroplasty - Posterior Approach Resident Training (Cadaver) [XB2cUiSj_9I]-117.jpg"},{"type":"image","name":"Primary Total Hip Arthroplasty - Posterior Approach Resident Training (Cadaver) [XB2cUiSj_9I]-132.jpg"},{"type":"image","name":"Primary Total Hip Arthroplasty - Posterior Approach Resident Training (Cadaver) [XB2cUiSj_9I]-147.jpg"},{"type":"image","name":"Primary Total Hip Arthroplasty - Posterior Approach Resident Training (Cadaver) [XB2cUiSj_9I]-162.jpg"},{"type":"image","name":"Primary Total Hip Arthroplasty - Posterior Approach Resident Training (Cadaver) [XB2cUiSj_9I]-177.jpg"},{"type":"image","name":"Primary Total Hip Arthroplasty - Posterior Approach Resident Training (Cadaver) [XB2cUiSj_9I]-192.jpg"},{"type":"image","name":"Primary Total Hip Arthroplasty - Posterior Approach Resident Training (Cadaver) [XB2cUiSj_9I]-207.jpg"},{"type":"image","name":"Primary Total Hip Arthroplasty - Posterior Approach Resident Training (Cadaver) [XB2cUiSj_9I]-222.jpg"},{"type":"image","name":"Primary Total Hip Arthroplasty - Posterior Approach Resident Training (Cadaver) [XB2cUiSj_9I]-237.jpg"},{"type":"image","name":"Primary Total Hip Arthroplasty - Posterior Approach Resident Training (Cadaver) [XB2cUiSj_9I]-252.jpg"},{"type":"image","name":"Primary Total Hip Arthroplasty - Posterior Approach Resident Training (Cadaver) [XB2cUiSj_9I]-267.jpg"},{"type":"image","name":"Primary Total Hip Arthroplasty - Posterior Approach Resident Training (Cadaver) [XB2cUiSj_9I]-282.jpg"},{"type":"image","name":"Primary Total Hip Arthroplasty - Posterior Approach Resident Training (Cadaver) [XB2cUiSj_9I]-297.jpg"},{"type":"image","name":"Primary Total Hip Arthroplasty - Posterior Approach Resident Training (Cadaver) [XB2cUiSj_9I]-312.jpg"},{"type":"image","name":"Primary Total Hip Arthroplasty - Posterior Approach Resident Training (Cadaver) [XB2cUiSj_9I]-327.jpg"},{"type":"image","name":"Primary Total Hip Arthroplasty - Posterior Approach Resident Training (Cadaver) [XB2cUiSj_9I]-342.jpg"},{"type":"image","name":"Primary Total Hip Arthroplasty - Posterior Approach Resident Training (Cadaver) [XB2cUiSj_9I]-357.jpg"},{"type":"image","name":"Primary Total Hip Arthroplasty - Posterior Approach Resident Training (Cadaver) [XB2cUiSj_9I]-372.jpg"},{"type":"image","name":"Primary Total Hip Arthroplasty - Posterior Approach Resident Training (Cadaver) [XB2cUiSj_9I]-387.jpg"},{"type":"image","name":"Primary Total Hip Arthroplasty - Posterior Approach Resident Training (Cadaver) [XB2cUiSj_9I]-402.jpg"},{"type":"image","name":"Primary Total Hip Arthroplasty - Posterior Approach Resident Training (Cadaver) [XB2cUiSj_9I]-417.jpg"},{"type":"image","name":"Primary Total Hip Arthroplasty - Posterior Approach Resident Training (Cadaver) [XB2cUiSj_9I]-432.jpg"},{"type":"image","name":"Primary Total Hip Arthroplasty - Posterior Approach Resident Training (Cadaver) [XB2cUiSj_9I]-447.jpg"},{"type":"image","name":"Primary Total Hip Arthroplasty - Posterior Approach Resident Training (Cadaver) [XB2cUiSj_9I]-462.jpg"},{"type":"image","name":"Primary Total Hip Arthroplasty - Posterior Approach Resident Training (Cadaver) [XB2cUiSj_9I]-477.jpg"},{"type":"image","name":"Primary Total Hip Arthroplasty - Posterior Approach Resident Training (Cadaver) [XB2cUiSj_9I]-492.jpg"},{"type":"image","name":"Primary Total Hip Arthroplasty - Posterior Approach Resident Training (Cadaver) [XB2cUiSj_9I]-507.jpg"},{"type":"image","name":"Primary Total Hip Arthroplasty - Posterior Approach Resident Training (Cadaver) [XB2cUiSj_9I]-522.jpg"},{"type":"image","name":"Primary Total Hip Arthroplasty - Posterior Approach Resident Training (Cadaver) [XB2cUiSj_9I]-537.jpg"},{"type":"image","name":"Primary Total Hip Arthroplasty - Posterior Approach Resident Training (Cadaver) [XB2cUiSj_9I]-552.jpg"},{"type":"image","name":"Primary Total Hip Arthroplasty - Posterior Approach Resident Training (Cadaver) [XB2cUiSj_9I]-567.jpg"},{"type":"image","name":"Primary Total Hip Arthroplasty - Posterior Approach Resident Training (Cadaver) [XB2cUiSj_9I]-582.jpg"},{"type":"image","name":"Primary Total Hip Arthroplasty - Posterior Approach Resident Training (Cadaver) [XB2cUiSj_9I]-597.jpg"},{"type":"image","name":"Primary Total Hip Arthroplasty - Posterior Approach Resident Training (Cadaver) [XB2cUiSj_9I]-612.jpg"},{"type":"image","name":"Primary Total Hip Arthroplasty - Posterior Approach Resident Training (Cadaver) [XB2cUiSj_9I]-627.jpg"},{"type":"image","name":"Primary Total Hip Arthroplasty - Posterior Approach Resident Training (Cadaver) [XB2cUiSj_9I]-642.jpg"},{"type":"image","name":"Primary Total Hip Arthroplasty Posterior Approach - Instrumentation [rhQMjdiHWJw]-014.jpg"},{"type":"image","name":"Primary Total Hip Arthroplasty Posterior Approach - Instrumentation [rhQMjdiHWJw]-029.jpg"},{"type":"image","name":"Primary Total Hip Arthroplasty Posterior Approach - Instrumentation [rhQMjdiHWJw]-044.jpg"},{"type":"image","name":"Primary Total Hip Arthroplasty Posterior Approach - Instrumentation [rhQMjdiHWJw]-059.jpg"},{"type":"image","name":"Primary Total Hip Arthroplasty Posterior Approach - Instrumentation [rhQMjdiHWJw]-074.jpg"},{"type":"image","name":"Primary Total Hip Arthroplasty Posterior Approach - Instrumentation [rhQMjdiHWJw]-089.jpg"},{"type":"image","name":"The Latest Procedure - Anterior Approach Total Hip Replacement Surgery [5NqJa_J2dfw]-011.jpg"},{"type":"image","name":"The Latest Procedure - Anterior Approach Total Hip Replacement Surgery [5NqJa_J2dfw]-026.jpg"},{"type":"image","name":"The Latest Procedure - Anterior Approach Total Hip Replacement Surgery [5NqJa_J2dfw]-041.jpg"},{"type":"image","name":"The Latest Procedure - Anterior Approach Total Hip Replacement Surgery [5NqJa_J2dfw]-056.jpg"},{"type":"image","name":"The Latest Procedure - Anterior Approach Total Hip Replacement Surgery [5NqJa_J2dfw]-071.jpg"},{"type":"image","name":"The Latest Procedure - Anterior Approach Total Hip Replacement Surgery [5NqJa_J2dfw]-086.jpg"},{"type":"image","name":"The Latest Procedure - Anterior Approach Total Hip Replacement Surgery [5NqJa_J2dfw]-101.jpg"},{"type":"image","name":"The Latest Procedure - Anterior Approach Total Hip Replacement Surgery [5NqJa_J2dfw]-116.jpg"},{"type":"image","name":"The Latest Procedure - Anterior Approach Total Hip Replacement Surgery [5NqJa_J2dfw]-131.jpg"},{"type":"image","name":"The Latest Procedure - Anterior Approach Total Hip Replacement Surgery [5NqJa_J2dfw]-146.jpg"},{"type":"image","name":"The Latest Procedure - Anterior Approach Total Hip Replacement Surgery [5NqJa_J2dfw]-161.jpg"},{"type":"image","name":"The Latest Procedure - Anterior Approach Total Hip Replacement Surgery [5NqJa_J2dfw]-176.jpg"},{"type":"image","name":"The Latest Procedure - Anterior Approach Total Hip Replacement Surgery [5NqJa_J2dfw]-191.jpg"},{"type":"image","name":"The Latest Procedure - Anterior Approach Total Hip Replacement Surgery [5NqJa_J2dfw]-206.jpg"},{"type":"image","name":"The Latest Procedure - Anterior Approach Total Hip Replacement Surgery [5NqJa_J2dfw]-221.jpg"},{"type":"image","name":"The Latest Procedure - Anterior Approach Total Hip Replacement Surgery [5NqJa_J2dfw]-236.jpg"},{"type":"image","name":"The Latest Procedure - Anterior Approach Total Hip Replacement Surgery [5NqJa_J2dfw]-251.jpg"},{"type":"image","name":"The Latest Procedure - Anterior Approach Total Hip Replacement Surgery [5NqJa_J2dfw]-266.jpg"},{"type":"image","name":"Total Hip Arthroplasty - Direct Anterior Approach on the HANA Table [TQegBCVcOKo]-004.jpg"},{"type":"image","name":"Total Hip Arthroplasty - Direct Anterior Approach on the HANA Table [TQegBCVcOKo]-019.jpg"},{"type":"image","name":"Total Hip Arthroplasty - Direct Anterior Approach on the HANA Table [TQegBCVcOKo]-034.jpg"},{"type":"image","name":"Total Hip Arthroplasty - Direct Anterior Approach on the HANA Table [TQegBCVcOKo]-049.jpg"},{"type":"image","name":"Total Hip Arthroplasty - Direct Anterior Approach on the HANA Table [TQegBCVcOKo]-064.jpg"},{"type":"image","name":"Total Hip Arthroplasty - Direct Anterior Approach on the HANA Table [TQegBCVcOKo]-079.jpg"},{"type":"image","name":"Total Hip Arthroplasty - Direct Anterior Approach on the HANA Table [TQegBCVcOKo]-094.jpg"},{"type":"image","name":"Total Hip Arthroplasty - Direct Anterior Approach on the HANA Table [TQegBCVcOKo]-109.jpg"},{"type":"image","name":"Total Hip Arthroplasty - Direct Anterior Approach on the HANA Table [TQegBCVcOKo]-124.jpg"},{"type":"image","name":"Total Hip Arthroplasty - Direct Anterior Approach on the HANA Table [TQegBCVcOKo]-139.jpg"},{"type":"image","name":"Total Hip Arthroplasty - Direct Anterior Approach on the HANA Table [TQegBCVcOKo]-154.jpg"},{"type":"image","name":"Total Hip Arthroplasty - Direct Anterior Approach on the HANA Table [TQegBCVcOKo]-169.jpg"},{"type":"image","name":"Total Hip Arthroplasty - Direct Anterior Approach on the HANA Table [TQegBCVcOKo]-184.jpg"},{"type":"image","name":"Total Hip Arthroplasty - Direct Anterior Approach on the HANA Table [TQegBCVcOKo]-199.jpg"},{"type":"image","name":"Total Hip Arthroplasty - Direct Anterior Approach on the HANA Table [TQegBCVcOKo]-214.jpg"},{"type":"image","name":"Total Hip Arthroplasty - Direct Anterior Approach on the HANA Table [TQegBCVcOKo]-229.jpg"},{"type":"image","name":"Total Hip Arthroplasty - Direct Anterior Approach on the HANA Table [TQegBCVcOKo]-244.jpg"},{"type":"image","name":"Total Hip Arthroplasty - Direct Anterior Approach on the HANA Table [TQegBCVcOKo]-259.jpg"},{"type":"image","name":"Total Hip Arthroplasty - Direct Anterior Approach on the HANA Table [TQegBCVcOKo]-274.jpg"},{"type":"image","name":"Total Hip Arthroplasty - Direct Anterior Approach on the HANA Table [TQegBCVcOKo]-289.jpg"},{"type":"image","name":"Total Hip Arthroplasty - Direct Anterior Approach on the HANA Table [TQegBCVcOKo]-304.jpg"},{"type":"image","name":"Total Hip Arthroplasty - Direct Anterior Approach on the HANA Table [TQegBCVcOKo]-319.jpg"},{"type":"image","name":"Total Hip Arthroplasty - Direct Anterior Approach on the HANA Table [TQegBCVcOKo]-334.jpg"},{"type":"image","name":"Total Hip Arthroplasty - Direct Anterior Approach on the HANA Table [TQegBCVcOKo]-349.jpg"},{"type":"image","name":"Total Hip Arthroplasty - Direct Anterior Approach on the HANA Table [TQegBCVcOKo]-364.jpg"},{"type":"image","name":"Total Hip Arthroplasty - Direct Anterior Approach on the HANA Table [TQegBCVcOKo]-379.jpg"},{"type":"image","name":"Total Hip Arthroplasty - Direct Anterior Approach on the HANA Table [TQegBCVcOKo]-394.jpg"},{"type":"image","name":"Total Hip Arthroplasty - Direct Anterior Approach on the HANA Table [TQegBCVcOKo]-409.jpg"},{"type":"image","name":"Total Hip Arthroplasty - Direct Anterior Approach on the HANA Table [TQegBCVcOKo]-424.jpg"},{"type":"image","name":"Total Hip Arthroplasty - Direct Anterior Approach on the HANA Table [TQegBCVcOKo]-439.jpg"},{"type":"image","name":"Total Hip Arthroplasty - Direct Anterior Approach on the HANA Table [TQegBCVcOKo]-454.jpg"},{"type":"image","name":"Total Hip Arthroplasty - Direct Anterior Approach on the HANA Table [TQegBCVcOKo]-469.jpg"},{"type":"image","name":"Total Hip Arthroplasty - Direct Anterior Approach on the HANA Table [TQegBCVcOKo]-484.jpg"},{"type":"text","name":"Surgical team"},{"type":"text","name":"Interview"},{"type":"text","name":"Open incision"},{"type":"text","name":"Muscle retraction"},{"type":"text","name":"Joint dislocation"},{"type":"text","name":"Femoral head removal"},{"type":"text","name":"Socket reaming"},{"type":"text","name":"Femoral canal preparation"},{"type":"text","name":"Implant fitting"}],"similarity":[[1,0.78837,0.80199,0.61584,0.69012,0.73781,0.75531,0.73534,0.7219,0.73415,0.70541,0.62666,0.63548,0.71871,0.74132,0.60987,0.79269,0.72792,0.79544,0.69701,0.68271,0.70741,0.6758,0.66319,0.76908,0.69423,0.71744,0.71927,0.70939,0.67726,0.74698,0.65408,0.75273,0.67722,0.74625,0.7103,0.75266,0.54378,0.7424,0.58989,0.82968,0.83843,0.57808,0.62227,0.59404,0.52379,0.51694,0.65303,0.46767,0.67458,0.38739,0.39719,0.55384,0.29579,0.52403,0.56664,0.56991,0.53754,0.35723,0.30508,0.48187,0.66604,0.57377,0.5237,0.55842,0.54863,0.55565,0.33971,0.65103,0.75909,0.6701,0.69537,0.62208,0.68371,0.67526,0.63403,0.64583,0.65843,0.64893,0.62911,0.59948,0.63614,0.63483,0.68192,0.6893,0.6284,0.68299,0.67563,0.67672,0.65179,0.70058,0.66699,0.63574,0.65445,0.64005,0.68507,0.68178,0.60794,0.64313,0.68441,0.08429,0.03395,0.09148,0.07329,0.08367,0.16139,0.02258,0.15112,0.05331],[0.78837,1,0.8703,0.61324,0.63674,0.76402,0.74033,0.73738,0.71244,0.71331,0.72661,0.63167,0.64177,0.7257,0.76582,0.58993,0.70545,0.71132,0.79065,0.69164,0.68877,0.71157,0.67838,0.65813,0.70408,0.63866,0.66985,0.6868,0.66796,0.6692,0.71985,0.60808,0.72755,0.67097,0.72097,0.69215,0.69207,0.53317,0.72743,0.56467,0.71155,0.74702,0.55099,0.57924,0.53913,0.50307,0.50885,0.58391,0.48183,0.62054,0.4144,0.40364,0.56626,0.30307,0.49571,0.49034,0.48602,0.46019,0.3495,0.30524,0.46099,0.55819,0.51481,0.48763,0.50121,0.49145,0.51359,0.33514,0.71557,0.7775,0.64419,0.64681,0.66518,0.65864,0.66467,0.61919,0.62656,0.63577,0.61797,0.58507,0.58917,0.56862,0.59286,0.6234,0.61945,0.62747,0.63463,0.63264,0.62312,0.60439,0.6509,0.65044,0.63612,0.61239,0.58954,0.64774,0.62478,0.67081,0.64289,0.67852,0.0613,0.03352,0.11507,0.0947,0.08233,0.15075,0.01586,0.16119,0.05103],[0.80199,0.8703,1,0.65854,0.64794,0.76768,0.78596,0.75858,0.75917,0.75407,0.75375,0.68169,0.66879,0.76263,0.79529,0.63391,0.74576,0.73916,0.8211,0.7318,0.72915,0.73074,0.70153,0.68053,0.75013,0.68471,0.69846,0.69931,0.70532,0.71137,0.73684,0.64251,0.72395,0.69462,0.75409,0.73393,0.72238,0.5495,0.74138,0.60852,0.738,0.78437,0.5807,0.60198,0.59378,0.51133,0.53119,0.65909,0.48602,0.59762,0.38673,0.40256,0.5522,0.30029,0.51992,0.49268,0.48817,0.47581,0.34168,0.30306,0.45622,0.5668,0.53467,0.51451,0.53901,0.50522,0.51582,0.33179,0.62042,0.76712,0.73301,0.72608,0.57399,0.70881,0.71512,0.66688,0.65695,0.67477,0.6643,0.62824,0.62238,0.59492,0.63269,0.66439,0.65598,0.64412,0.67152,0.66385,0.65137,0.64038,0.65845,0.67573,0.6306,0.65206,0.62376,0.66918,0.65109,0.57921,0.6865,0.69622,0.06867,0.03812,0.11249,0.09542,0.06799,0.16642,0.02191,0.17457,0.05309],[0.61584,0.61324,0.65854,1,0.62874,0.73445,0.73024,0.74801,0.7343,0.74931,0.6833,0.60286,0.61981,0.73122,0.70826,0.56495,0.65651,0.66169,0.73705,0.72796,0.69729,0.71573,0.70972,0.6952,0.64225,0.68116,0.68028,0.6503,0.69386,0.69515,0.70265,0.64108,0.60874,0.69067,0.71592,0.72353,0.66676,0.53867,0.70676,0.54961,0.64671,0.68227,0.48118,0.43411,0.4804,0.40919,0.41198,0.48208,0.36761,0.52302,0.35121,0.37527,0.52266,0.3009,0.49215,0.48255,0.50356,0.52519,0.33951,0.31516,0.41812,0.54696,0.61027,0.57282,0.61032,0.59137,0.62792,0.38625,0.54759,0.63802,0.5488,0.5879,0.52914,0.68065,0.67681,0.62062,0.62603,0.66641,0.64967,0.60224,0.58228,0.57787,0.63643,0.64057,0.63916,0.55791,0.63797,0.65526,0.6438,0.6131,0.63398,0.67047,0.51962,0.65912,0.60329,0.67432,0.61837,0.58382,0.6821,0.67352,0.05551,0.03359,0.12632,0.10522,0.06921,0.18457,0.05373,0.14818,0.07203],[0.69012,0.63674,0.64794,0.62874,1,0.72734,0.70641,0.71556,0.68438,0.68852,0.65151,0.57537,0.59574,0.68397,0.67132,0.54488,0.7169,0.70001,0.75959,0.68093,0.65654,0.671,0.68191,0.67072,0.70844,0.69812,0.68985,0.67997,0.70982,0.66193,0.74124,0.65392,0.69196,0.65349,0.73363,0.65883,0.69621,0.52155,0.71784,0.52571,0.72098,0.71903,0.49893,0.44325,0.51069,0.42902,0.41868,0.54796,0.3861,0.53624,0.34468,0.38683,0.52828,0.27227,0.48356,0.54261,0.55051,0.58174,0.32757,0.28777,0.42523,0.59173,0.60235,0.60046,0.61662,0.6201,0.63185,0.41893,0.49049,0.60777,0.52943,0.55291,0.51913,0.6314,0.6317,0.59714,0.59551,0.61496,0.61234,0.58099,0.54729,0.58547,0.61139,0.63873,0.64867,0.60406,0.62447,0.62893,0.61725,0.59208,0.64224,0.65149,0.59279,0.63092,0.6051,0.64723,0.61348,0.5326,0.60641,0.64269,0.06953,0.02843,0.0848,0.09426,0.07846,0.19511,0.06075,0.17666,0.07979],[0.73781,0.76402,0.76768,0.73445,0.72734,1,0.93378,0.94166,0.89618,0.90665,0.8129,0.70811,0.70524,0.88183,0.80173,0.6927,0.77405,0.81991,0.91721,0.84362,0.82924,0.8341,0.82578,0.82265,0.73413,0.79007,0.78795,0.75708,0.80532,0.81851,0.83622,0.74401,0.73148,0.81763,0.85079,0.83601,0.80968,0.62812,0.88127,0.66062,0.77483,0.81121,0.55159,0.49788,0.49933,0.46306,0.45878,0.55489,0.43289,0.52302,0.36025,0.40334,0.53286,0.32661,0.50547,0.5135,0.49041,0.48877,0.36997,0.35563,0.46445,0.5903,0.58327,0.551,0.61781,0.54558,0.59319,0.34722,0.61176,0.71824,0.61487,0.67289,0.60834,0.76358,0.76856,0.73761,0.74641,0.75345,0.74775,0.68978,0.67809,0.68304,0.73384,0.71056,0.7217,0.61914,0.73964,0.75811,0.74679,0.72454,0.73432,0.77437,0.60417,0.75083,0.71786,0.75689,0.72249,0.63706,0.7779,0.76656,0.04811,0.03336,0.11262,0.07453,0.09348,0.12753,0.0403,0.11462,0.06188],[0.75531,0.74033,0.78596,0.73024,0.70641,0.93378,1,0.94002,0.9153,0.90741,0.81378,0.71686,0.71812,0.87896,0.80819,0.67769,0.77115,0.80053,0.90585,0.83253,0.82164,0.82292,0.79011,0.77675,0.7294,0.77242,0.76467,0.7156,0.77171,0.79678,0.79325,0.71038,0.72093,0.82847,0.84921,0.84127,0.81057,0.62316,0.85135,0.66336,0.78957,0.82899,0.56452,0.50215,0.52372,0.47083,0.45616,0.57083,0.42575,0.51651,0.34187,0.41486,0.49181,0.32359,0.5098,0.48558,0.47832,0.47095,0.36698,0.35651,0.47482,0.6107,0.58848,0.5549,0.63613,0.53922,0.57967,0.33026,0.60373,0.71721,0.63585,0.68647,0.60541,0.78808,0.80136,0.75128,0.75361,0.75025,0.74581,0.69947,0.69177,0.68153,0.7151,0.72573,0.71518,0.58879,0.73741,0.7458,0.73203,0.72376,0.71984,0.76789,0.55369,0.74318,0.69014,0.74959,0.71176,0.62113,0.78855,0.75868,0.04742,0.03226,0.11523,0.08837,0.07771,0.12793,0.03733,0.11005,0.06595],[0.73534,0.73738,0.75858,0.74801,0.71556,0.94166,0.94002,1,0.94415,0.93695,0.84675,0.73753,0.7433,0.88718,0.83514,0.70627,0.76417,0.80011,0.9072,0.86339,0.84784,0.86072,0.83603,0.82341,0.72542,0.81162,0.80859,0.7614,0.81393,0.8192,0.83764,0.75484,0.73634,0.83525,0.8763,0.85137,0.7972,0.64107,0.87966,0.68333,0.7749,0.80727,0.58407,0.52763,0.54278,0.50022,0.49683,0.58705,0.46656,0.53962,0.37056,0.40995,0.52859,0.35094,0.51687,0.53219,0.52357,0.5021,0.39113,0.3753,0.47112,0.61394,0.59131,0.56809,0.61794,0.54391,0.58386,0.35464,0.62152,0.73425,0.63479,0.68247,0.62931,0.7964,0.80018,0.73613,0.74218,0.76579,0.76455,0.70053,0.68345,0.68679,0.74228,0.73359,0.73737,0.64416,0.75223,0.76132,0.74761,0.72703,0.75109,0.78611,0.61969,0.7613,0.70961,0.77186,0.72639,0.65435,0.79386,0.77478,0.05338,0.03936,0.11445,0.09623,0.08337,0.14208,0.04502,0.12762,0.06739],[0.7219,0.71244,0.75917,0.7343,0.68438,0.89618,0.9153,0.94415,1,0.9478,0.87971,0.76761,0.78018,0.9001,0.87528,0.70376,0.77044,0.81087,0.89159,0.85839,0.84556,0.86315,0.82564,0.81123,0.73461,0.80525,0.80634,0.75475,0.81138,0.83043,0.81893,0.73834,0.71876,0.82161,0.87237,0.84449,0.79998,0.64748,0.87732,0.70274,0.77685,0.81949,0.56803,0.52093,0.537,0.48657,0.48526,0.61052,0.46754,0.5236,0.35302,0.41745,0.50696,0.33201,0.53364,0.52094,0.51221,0.49855,0.3854,0.35988,0.4607,0.61863,0.59491,0.55015,0.6152,0.54816,0.5818,0.34488,0.61151,0.71689,0.64149,0.71148,0.63939,0.82281,0.84532,0.77798,0.7851,0.78923,0.77911,0.7214,0.70533,0.70156,0.76578,0.74763,0.74523,0.64232,0.76717,0.78244,0.76562,0.74402,0.74702,0.80666,0.59388,0.77925,0.7294,0.77643,0.74104,0.64521,0.81607,0.78304,0.05329,0.03524,0.09904,0.08987,0.06606,0.15092,0.0366,0.12253,0.06412],[0.73415,0.71331,0.75407,0.74931,0.68852,0.90665,0.90741,0.93695,0.9478,1,0.87076,0.78685,0.76538,0.94213,0.87545,0.76122,0.76501,0.79278,0.89619,0.9258,0.91383,0.9223,0.89936,0.88146,0.73669,0.84962,0.84738,0.79372,0.84932,0.90235,0.8394,0.79559,0.71507,0.8757,0.87851,0.87947,0.82652,0.67124,0.88662,0.72736,0.79676,0.81435,0.59362,0.5385,0.55314,0.51492,0.50714,0.6108,0.48596,0.55042,0.37264,0.4278,0.51938,0.35491,0.54617,0.54041,0.51531,0.5057,0.40261,0.38469,0.49027,0.63989,0.63991,0.58333,0.66838,0.56703,0.62353,0.33791,0.66146,0.77541,0.6914,0.74278,0.6728,0.85181,0.86549,0.81871,0.83113,0.83801,0.8354,0.77454,0.75483,0.74127,0.80765,0.80065,0.78482,0.66261,0.80818,0.82835,0.80922,0.79498,0.79497,0.84553,0.62335,0.82873,0.783,0.83714,0.77778,0.69609,0.86694,0.85159,0.05187,0.03364,0.12013,0.09201,0.05877,0.15374,0.0464,0.14338,0.05842],[0.70541,0.72661,0.75375,0.6833,0.65151,0.8129,0.81378,0.84675,0.87971,0.87076,1,0.86387,0.85268,0.87575,0.89261,0.71622,0.72168,0.76918,0.84737,0.8443,0.83213,0.84707,0.80065,0.78244,0.70997,0.76919,0.80078,0.76211,0.78824,0.79505,0.80246,0.73078,0.72007,0.79119,0.81485,0.78192,0.74373,0.66629,0.85071,0.72747,0.73457,0.77093,0.56998,0.53238,0.54188,0.51628,0.53352,0.63973,0.51521,0.51542,0.38755,0.3918,0.48979,0.31368,0.48287,0.51049,0.49926,0.49951,0.35977,0.32851,0.42947,0.57823,0.57773,0.54256,0.5726,0.54585,0.56365,0.35658,0.61013,0.71373,0.65756,0.68197,0.64385,0.76541,0.80063,0.73559,0.73696,0.73921,0.73684,0.68119,0.66205,0.65494,0.73401,0.7123,0.7076,0.67128,0.75424,0.74908,0.72452,0.71503,0.73337,0.769,0.62552,0.72694,0.71056,0.74016,0.71433,0.62789,0.76199,0.77031,0.05247,0.03607,0.08789,0.08039,0.04831,0.1448,0.03223,0.16551,0.06064],[0.62666,0.63167,0.68169,0.60286,0.57537,0.70811,0.71686,0.73753,0.76761,0.78685,0.86387,1,0.85561,0.79338,0.80858,0.75256,0.6532,0.71928,0.76606,0.80052,0.81174,0.78706,0.77261,0.75119,0.66057,0.74523,0.75747,0.74378,0.75652,0.77269,0.75656,0.7112,0.64443,0.74603,0.74203,0.73001,0.69874,0.64871,0.79289,0.72974,0.66615,0.69016,0.57488,0.53105,0.5299,0.50868,0.53197,0.63726,0.51684,0.50204,0.41468,0.3928,0.45028,0.31774,0.47651,0.49012,0.4579,0.46258,0.36696,0.33099,0.41627,0.54507,0.54981,0.5075,0.56239,0.49363,0.50823,0.33557,0.57406,0.69156,0.64463,0.66502,0.62328,0.73565,0.76002,0.71632,0.72795,0.73239,0.73818,0.67925,0.649,0.65604,0.73647,0.70176,0.69741,0.63694,0.75603,0.72949,0.71544,0.70479,0.72124,0.74736,0.58781,0.70734,0.70363,0.71168,0.70233,0.58211,0.73226,0.75175,0.04819,0.02672,0.11185,0.06514,0.03875,0.11543,0.0285,0.12926,0.07305],[0.63548,0.64177,0.66879,0.61981,0.59574,0.70524,0.71812,0.7433,0.78018,0.76538,0.85268,0.85561,1,0.77904,0.83905,0.66236,0.6931,0.72187,0.75507,0.74761,0.74247,0.74361,0.71219,0.68991,0.69063,0.68371,0.72918,0.71767,0.7154,0.70355,0.74269,0.64618,0.69584,0.68592,0.74502,0.72636,0.70102,0.59947,0.75627,0.67157,0.66292,0.71646,0.59102,0.56398,0.56067,0.51485,0.56434,0.62092,0.54074,0.54872,0.44537,0.44388,0.47683,0.35383,0.49583,0.53643,0.48683,0.50049,0.39516,0.36474,0.43383,0.60788,0.54668,0.50231,0.53978,0.51514,0.51229,0.34322,0.61319,0.64962,0.59948,0.65887,0.64412,0.72938,0.7403,0.69343,0.69348,0.69241,0.69855,0.6562,0.63859,0.63894,0.68795,0.67678,0.68748,0.62566,0.73194,0.7105,0.70219,0.70193,0.7023,0.71894,0.58473,0.67921,0.67559,0.6927,0.71075,0.61557,0.69296,0.72014,0.05896,0.03873,0.07952,0.06342,0.03234,0.10615,0.03233,0.13901,0.0552],[0.71871,0.7257,0.76263,0.73122,0.68397,0.88183,0.87896,0.88718,0.9001,0.94213,0.87575,0.79338,0.77904,1,0.89937,0.73663,0.76379,0.80188,0.89759,0.91617,0.9046,0.91825,0.8918,0.87243,0.75126,0.82714,0.84464,0.8093,0.83982,0.889,0.84549,0.78609,0.72317,0.86651,0.87504,0.87038,0.83651,0.66772,0.8771,0.72445,0.77339,0.80141,0.60189,0.54696,0.56086,0.51191,0.51157,0.60728,0.49275,0.55761,0.38044,0.44561,0.50804,0.36281,0.54934,0.53864,0.50929,0.52339,0.40624,0.39254,0.48754,0.62956,0.64304,0.58835,0.66794,0.57553,0.62429,0.33454,0.66962,0.77791,0.68903,0.74766,0.68098,0.85385,0.86262,0.83583,0.84406,0.83028,0.83114,0.76596,0.75559,0.73745,0.80212,0.77907,0.78205,0.65907,0.81068,0.83733,0.81048,0.80313,0.79517,0.8468,0.61459,0.82556,0.80013,0.8326,0.78581,0.69148,0.85423,0.86521,0.04945,0.03061,0.1014,0.07952,0.06346,0.15115,0.04149,0.14731,0.05467],[0.74132,0.76582,0.79529,0.70826,0.67132,0.80173,0.80819,0.83514,0.87528,0.87545,0.89261,0.80858,0.83905,0.89937,1,0.73634,0.77485,0.82139,0.86991,0.87886,0.87446,0.89481,0.86007,0.82749,0.78467,0.81231,0.86672,0.8453,0.84688,0.84425,0.85982,0.77165,0.76946,0.80928,0.85056,0.84772,0.80925,0.65703,0.85158,0.71827,0.75296,0.80418,0.64943,0.62459,0.63278,0.56304,0.60032,0.68794,0.58621,0.64194,0.43829,0.47549,0.56947,0.38017,0.57646,0.58354,0.57522,0.5797,0.4374,0.39934,0.50879,0.66905,0.67577,0.6273,0.663,0.63709,0.65527,0.37182,0.71657,0.78658,0.7231,0.78681,0.7566,0.86146,0.86688,0.80874,0.81412,0.82545,0.8278,0.77689,0.75842,0.74201,0.80622,0.80069,0.80497,0.72997,0.83395,0.83353,0.81538,0.80966,0.82052,0.83678,0.68702,0.79715,0.78764,0.82438,0.80886,0.72235,0.81704,0.8453,0.06353,0.03775,0.0962,0.0863,0.05488,0.17046,0.03123,0.18163,0.06645],[0.60987,0.58993,0.63391,0.56495,0.54488,0.6927,0.67769,0.70627,0.70376,0.76122,0.71622,0.75256,0.66236,0.73663,0.73634,1,0.60804,0.74257,0.71802,0.78044,0.82054,0.78052,0.79162,0.76215,0.61657,0.74312,0.77025,0.71632,0.73188,0.77982,0.73154,0.73975,0.58958,0.73735,0.69759,0.73826,0.66742,0.69771,0.79543,0.78204,0.66068,0.64516,0.56295,0.51659,0.51891,0.47867,0.47646,0.67863,0.46495,0.46591,0.28597,0.30623,0.45607,0.23056,0.44278,0.40717,0.43951,0.43369,0.28633,0.24004,0.37704,0.47259,0.53847,0.50047,0.56796,0.50887,0.54016,0.30008,0.5458,0.68783,0.67414,0.6742,0.62328,0.72473,0.72682,0.73341,0.72432,0.76177,0.75283,0.68741,0.66404,0.6767,0.72248,0.71314,0.70608,0.64057,0.77185,0.70946,0.70323,0.69991,0.72505,0.74965,0.60281,0.72555,0.69517,0.71255,0.68378,0.54544,0.69721,0.72559,0.04158,0.02616,0.10126,0.0381,0.03381,0.18473,0.05004,0.12848,0.06234],[0.79269,0.70545,0.74576,0.65651,0.7169,0.77405,0.77115,0.76417,0.77044,0.76501,0.72168,0.6532,0.6931,0.76379,0.77485,0.60804,1,0.85703,0.83716,0.71449,0.71091,0.69717,0.70074,0.67795,0.94116,0.74946,0.75479,0.82679,0.77757,0.71649,0.8572,0.67226,0.89468,0.66217,0.8315,0.78483,0.89932,0.53494,0.762,0.60446,0.86387,0.88354,0.678,0.6669,0.63592,0.53364,0.57277,0.65604,0.55581,0.71651,0.47991,0.47932,0.58122,0.41139,0.66593,0.69455,0.6191,0.62369,0.48577,0.4285,0.58502,0.77434,0.61949,0.56583,0.61417,0.60222,0.58132,0.37781,0.66736,0.70351,0.61577,0.74629,0.66211,0.77799,0.73318,0.71631,0.73169,0.75949,0.7462,0.74599,0.70293,0.768,0.74336,0.76009,0.84165,0.6814,0.80066,0.77362,0.78869,0.77882,0.7872,0.73382,0.68793,0.73037,0.73025,0.75484,0.8113,0.64341,0.70442,0.7369,0.10371,0.03374,0.06741,0.05215,0.05569,0.15897,0.03089,0.14414,0.06107],[0.72792,0.71132,0.73916,0.66169,0.70001,0.81991,0.80053,0.80011,0.81087,0.79278,0.76918,0.71928,0.72187,0.80188,0.82139,0.74257,0.85703,1,0.86859,0.73092,0.75766,0.76976,0.77981,0.76841,0.83997,0.81235,0.81212,0.83089,0.83682,0.78309,0.89536,0.727,0.79609,0.71922,0.85014,0.82574,0.87513,0.61724,0.85495,0.70778,0.77545,0.82834,0.63818,0.6057,0.60261,0.50602,0.53462,0.70262,0.52501,0.61292,0.39981,0.41767,0.58872,0.34747,0.6193,0.58742,0.58267,0.60116,0.41323,0.36213,0.50134,0.67114,0.6308,0.58425,0.63614,0.63566,0.63176,0.38196,0.63174,0.70457,0.61039,0.74191,0.67093,0.8067,0.78443,0.75357,0.77876,0.81536,0.78199,0.73342,0.70989,0.77204,0.808,0.75641,0.82384,0.71122,0.82358,0.77979,0.80253,0.76723,0.77548,0.79637,0.69147,0.77433,0.74867,0.75686,0.81525,0.63769,0.74491,0.75317,0.0648,0.03014,0.05854,0.03781,0.07811,0.21437,0.03345,0.11471,0.07995],[0.79544,0.79065,0.8211,0.73705,0.75959,0.91721,0.90585,0.9072,0.89159,0.89619,0.84737,0.76606,0.75507,0.89759,0.86991,0.71802,0.83716,0.86859,1,0.86539,0.857,0.86985,0.83835,0.82058,0.84034,0.83296,0.84678,0.8435,0.85478,0.83318,0.90628,0.77457,0.81786,0.83278,0.91257,0.85953,0.86511,0.66174,0.91671,0.70633,0.82176,0.86047,0.61551,0.57925,0.59087,0.53402,0.55409,0.64176,0.5336,0.61164,0.41373,0.4425,0.58512,0.37193,0.57499,0.59136,0.58269,0.5734,0.41583,0.39382,0.51137,0.66153,0.6461,0.62835,0.66364,0.62366,0.64623,0.388,0.66255,0.77646,0.65484,0.71835,0.65841,0.81955,0.82493,0.77026,0.7909,0.80936,0.79291,0.73155,0.71944,0.72863,0.78903,0.75015,0.79801,0.703,0.79455,0.80717,0.78259,0.76095,0.79565,0.83163,0.69254,0.79684,0.76066,0.80632,0.76882,0.68059,0.81211,0.81138,0.06129,0.03442,0.10331,0.08335,0.08424,0.17211,0.02464,0.14978,0.07562],[0.69701,0.69164,0.7318,0.72796,0.68093,0.84362,0.83253,0.86339,0.85839,0.9258,0.8443,0.80052,0.74761,0.91617,0.87886,0.78044,0.71449,0.73092,0.86539,1,0.94777,0.93766,0.92419,0.88683,0.71738,0.84916,0.87311,0.82622,0.8527,0.89948,0.83835,0.83653,0.68427,0.88234,0.83473,0.83766,0.77446,0.69536,0.8633,0.73268,0.75203,0.7641,0.57926,0.52385,0.56191,0.49694,0.49545,0.6013,0.47281,0.55938,0.37112,0.41831,0.53132,0.34472,0.53127,0.53441,0.5226,0.52327,0.38586,0.36944,0.47826,0.61927,0.65969,0.61826,0.69264,0.59275,0.64726,0.34962,0.64473,0.77482,0.70714,0.71772,0.6816,0.82378,0.85153,0.80264,0.81815,0.83259,0.83735,0.77153,0.73585,0.72476,0.79744,0.81332,0.78241,0.68691,0.814,0.83118,0.80465,0.79887,0.81592,0.841,0.63554,0.80776,0.79418,0.84524,0.76248,0.67621,0.84287,0.87079,0.05168,0.03033,0.15547,0.08761,0.05026,0.16414,0.04199,0.1878,0.06028],[0.68271,0.68877,0.72915,0.69729,0.65654,0.82924,0.82164,0.84784,0.84556,0.91383,0.83213,0.81174,0.74247,0.9046,0.87446,0.82054,0.71091,0.75766,0.857,0.94777,1,0.92946,0.92466,0.89083,0.71369,0.85391,0.8674,0.83033,0.86018,0.91952,0.84494,0.83483,0.67772,0.86537,0.83277,0.84785,0.79336,0.69352,0.8568,0.7401,0.74329,0.75146,0.59849,0.54295,0.57047,0.51386,0.51669,0.63705,0.48597,0.54976,0.36842,0.42595,0.51919,0.33903,0.51701,0.50445,0.49286,0.50401,0.37685,0.36514,0.46218,0.59074,0.66439,0.60984,0.68168,0.58448,0.6371,0.33795,0.672,0.80417,0.75893,0.76233,0.7076,0.83779,0.85622,0.8404,0.8435,0.85248,0.86794,0.81095,0.77624,0.77355,0.82469,0.83593,0.81221,0.67106,0.86054,0.8638,0.8366,0.83507,0.85108,0.86523,0.62221,0.83007,0.82655,0.85812,0.79729,0.68681,0.8675,0.89367,0.05689,0.02969,0.15564,0.08068,0.04331,0.15455,0.0459,0.15915,0.06473],[0.70741,0.71157,0.73074,0.71573,0.671,0.8341,0.82292,0.86072,0.86315,0.9223,0.84707,0.78706,0.74361,0.91825,0.89481,0.78052,0.69717,0.76976,0.86985,0.93766,0.92946,1,0.92697,0.89452,0.69677,0.86321,0.88742,0.81194,0.8741,0.90692,0.8485,0.82818,0.6816,0.86015,0.84714,0.83661,0.77576,0.69645,0.86972,0.7369,0.73586,0.75265,0.58057,0.52796,0.5704,0.50568,0.48954,0.6231,0.47227,0.54348,0.35111,0.41064,0.53257,0.34384,0.52267,0.51461,0.53473,0.52961,0.37011,0.36704,0.45197,0.60746,0.67185,0.61289,0.67997,0.60948,0.6721,0.35631,0.64075,0.77133,0.69731,0.72628,0.68624,0.83853,0.8622,0.80467,0.8243,0.84779,0.83589,0.76241,0.74473,0.72096,0.81038,0.80253,0.78249,0.68614,0.80572,0.83006,0.79138,0.78078,0.79912,0.85698,0.64536,0.8232,0.79592,0.8468,0.75853,0.67587,0.84269,0.87038,0.04323,0.02946,0.12237,0.0881,0.06336,0.16413,0.03325,0.16189,0.05331],[0.6758,0.67838,0.70153,0.70972,0.68191,0.82578,0.79011,0.83603,0.82563,0.89936,0.80065,0.77261,0.71219,0.8918,0.86007,0.79162,0.70074,0.77981,0.83835,0.92419,0.92466,0.92697,1,0.97189,0.70287,0.88252,0.89111,0.83287,0.88598,0.95186,0.86018,0.86984,0.6745,0.88157,0.82727,0.86083,0.78978,0.6918,0.8582,0.7141,0.72747,0.73074,0.59733,0.55364,0.5549,0.52167,0.50818,0.6226,0.49888,0.58856,0.39724,0.42996,0.56575,0.37489,0.55443,0.54517,0.53381,0.55231,0.4237,0.40114,0.48515,0.63028,0.6841,0.63017,0.69133,0.61502,0.67736,0.36074,0.66334,0.79849,0.71972,0.74479,0.7074,0.83694,0.85429,0.82311,0.84344,0.86155,0.8528,0.778,0.75401,0.75377,0.82423,0.8112,0.80858,0.70034,0.82078,0.84477,0.82235,0.79961,0.83182,0.84431,0.65921,0.84706,0.83143,0.85686,0.79316,0.7109,0.84115,0.87967,0.05016,0.03045,0.14425,0.0804,0.0645,0.19947,0.04394,0.16888,0.0723],[0.66319,0.65813,0.68053,0.6952,0.67072,0.82265,0.77675,0.82341,0.81123,0.88146,0.78244,0.75119,0.68991,0.87243,0.82749,0.76215,0.67795,0.76841,0.82058,0.88683,0.89083,0.89452,0.97189,1,0.6764,0.85165,0.85326,0.80333,0.85768,0.93935,0.83489,0.84365,0.65365,0.87108,0.80976,0.85579,0.77582,0.67734,0.84286,0.6915,0.71912,0.71556,0.56935,0.52577,0.53134,0.50135,0.48754,0.6044,0.47913,0.56084,0.38397,0.40761,0.54627,0.36487,0.52272,0.5187,0.50831,0.52832,0.41064,0.3913,0.47416,0.60348,0.66079,0.60528,0.65428,0.5967,0.65644,0.34754,0.62763,0.77071,0.69537,0.71882,0.67968,0.80428,0.82331,0.80535,0.83082,0.82562,0.8205,0.73478,0.72117,0.72545,0.79212,0.77099,0.77017,0.67481,0.78626,0.81893,0.79208,0.76671,0.79971,0.8168,0.63525,0.82361,0.80864,0.81972,0.7677,0.67486,0.81805,0.84271,0.04638,0.028,0.13762,0.06736,0.05971,0.19824,0.03757,0.14969,0.06832],[0.76908,0.70408,0.75013,0.64225,0.70844,0.73413,0.7294,0.72542,0.73461,0.73669,0.70997,0.66057,0.69063,0.75126,0.78467,0.61657,0.94116,0.83997,0.84034,0.71738,0.71369,0.69677,0.70287,0.6764,1,0.73981,0.75655,0.85376,0.77805,0.71326,0.85854,0.68087,0.9028,0.66826,0.81748,0.78519,0.8776,0.53235,0.75463,0.59659,0.83282,0.86573,0.68599,0.68029,0.61788,0.53204,0.6,0.63552,0.59679,0.73528,0.49426,0.47139,0.60318,0.41331,0.67814,0.6946,0.62383,0.63798,0.49032,0.426,0.59154,0.76309,0.62452,0.59061,0.61524,0.61264,0.59333,0.38087,0.68086,0.71871,0.62243,0.72799,0.66603,0.76431,0.72783,0.6989,0.72547,0.75075,0.7339,0.72067,0.69505,0.74231,0.7361,0.74162,0.82757,0.70097,0.78644,0.75871,0.76593,0.76135,0.78064,0.73043,0.70905,0.72075,0.71443,0.75249,0.79841,0.66094,0.70433,0.73825,0.10342,0.03536,0.06686,0.06035,0.05057,0.16078,0.03412,0.13913,0.06879],[0.69423,0.63866,0.68471,0.68116,0.69812,0.79007,0.77242,0.81162,0.80525,0.84962,0.76919,0.74523,0.68371,0.82714,0.81231,0.74312,0.74946,0.81235,0.83296,0.84916,0.85391,0.86321,0.88252,0.85165,0.73981,1,0.93897,0.8573,0.9589,0.885,0.89523,0.90084,0.68951,0.79229,0.84272,0.80171,0.79479,0.65264,0.85383,0.73421,0.73912,0.75543,0.57505,0.53565,0.62186,0.52119,0.50019,0.71876,0.48452,0.5465,0.36628,0.39433,0.58832,0.33922,0.57312,0.61087,0.64372,0.62641,0.39141,0.3633,0.44183,0.619,0.63646,0.59657,0.6612,0.62696,0.65536,0.38522,0.5914,0.74713,0.65585,0.72098,0.65423,0.79664,0.82016,0.74555,0.78387,0.85588,0.81867,0.75678,0.69899,0.77468,0.89056,0.7863,0.84508,0.74126,0.81622,0.80369,0.79443,0.7632,0.81685,0.84678,0.71585,0.83115,0.82372,0.82662,0.77127,0.65267,0.81853,0.81587,0.06076,0.02971,0.10519,0.06164,0.0591,0.19906,0.06544,0.14864,0.07513],[0.71744,0.66985,0.69846,0.68028,0.68985,0.78795,0.76467,0.80859,0.80634,0.84738,0.80078,0.75747,0.72918,0.84464,0.86672,0.77025,0.75479,0.81212,0.84678,0.87311,0.8674,0.88742,0.89111,0.85326,0.75655,0.93897,1,0.87843,0.94052,0.88025,0.89976,0.90912,0.7225,0.81097,0.84722,0.82623,0.79484,0.68278,0.86115,0.75689,0.73424,0.75788,0.60309,0.58051,0.6529,0.56139,0.55271,0.73251,0.54633,0.60589,0.40605,0.4205,0.57526,0.35349,0.56591,0.60257,0.62917,0.61444,0.40823,0.37494,0.46325,0.6406,0.66019,0.62775,0.67968,0.65288,0.67682,0.37613,0.65063,0.77561,0.69656,0.7615,0.70986,0.82859,0.83212,0.77771,0.80387,0.86282,0.84459,0.77816,0.7324,0.78447,0.87871,0.80001,0.8562,0.764,0.8402,0.83517,0.81743,0.80329,0.84769,0.85264,0.7359,0.84972,0.84308,0.85141,0.79893,0.69157,0.81067,0.84028,0.06218,0.03748,0.10473,0.07253,0.05893,0.20467,0.06399,0.17293,0.07792],[0.71927,0.6868,0.69931,0.6503,0.67997,0.75708,0.7156,0.7614,0.75475,0.79372,0.76211,0.74378,0.71767,0.8093,0.8453,0.71632,0.82679,0.83089,0.8435,0.82622,0.83033,0.81194,0.83287,0.80333,0.85376,0.8573,0.87843,1,0.89253,0.82877,0.94419,0.82488,0.80433,0.77232,0.85299,0.82352,0.86798,0.6263,0.82931,0.68818,0.75073,0.78113,0.64238,0.63283,0.66451,0.56055,0.59835,0.72499,0.6002,0.68557,0.46945,0.47997,0.59163,0.39383,0.59105,0.67838,0.62505,0.62817,0.4546,0.40823,0.52434,0.70211,0.68545,0.64908,0.66474,0.65687,0.651,0.37094,0.71761,0.79693,0.67696,0.77499,0.75134,0.81079,0.79034,0.77164,0.80343,0.83956,0.82696,0.78054,0.7357,0.81662,0.86285,0.79538,0.88765,0.74015,0.85659,0.84836,0.84958,0.82645,0.88626,0.8289,0.74211,0.81813,0.84223,0.83241,0.84915,0.72813,0.78074,0.83118,0.076,0.03746,0.11365,0.04812,0.04922,0.1761,0.05028,0.13619,0.07459],[0.70939,0.66796,0.70532,0.69386,0.70982,0.80532,0.77171,0.81393,0.81138,0.84932,0.78824,0.75652,0.7154,0.83982,0.84688,0.73188,0.77757,0.83682,0.85478,0.8527,0.86018,0.8741,0.88598,0.85768,0.77805,0.9589,0.94052,0.89253,1,0.88633,0.92567,0.89991,0.73429,0.7967,0.85893,0.81592,0.81487,0.65134,0.86931,0.71641,0.74074,0.76718,0.59057,0.56869,0.64646,0.54308,0.55096,0.72747,0.52535,0.58947,0.4009,0.41749,0.60597,0.36306,0.57985,0.63465,0.6539,0.64548,0.41733,0.38286,0.4552,0.6483,0.65236,0.615,0.6605,0.66195,0.67489,0.40642,0.62472,0.76239,0.66815,0.74083,0.67668,0.80922,0.82029,0.76513,0.80504,0.85186,0.82273,0.76061,0.7182,0.77656,0.90145,0.78021,0.84998,0.75818,0.83098,0.83031,0.81387,0.78255,0.8313,0.85953,0.74451,0.83649,0.84478,0.82773,0.79557,0.67883,0.81455,0.83666,0.06338,0.03579,0.09001,0.05794,0.05911,0.189,0.05529,0.14727,0.0774],[0.67726,0.6692,0.71137,0.69515,0.66193,0.81851,0.79678,0.8192,0.83043,0.90235,0.79505,0.77269,0.70355,0.889,0.84425,0.77982,0.71649,0.78309,0.83318,0.89948,0.91952,0.90692,0.95186,0.93935,0.71326,0.885,0.88025,0.82877,0.88633,1,0.8528,0.85836,0.67136,0.86245,0.8234,0.86936,0.80832,0.67918,0.85277,0.71641,0.73107,0.73319,0.59738,0.55848,0.56061,0.52742,0.51586,0.65105,0.50896,0.57788,0.38857,0.42199,0.55357,0.3487,0.55295,0.52587,0.50828,0.52779,0.40392,0.37413,0.47919,0.61731,0.65848,0.59871,0.66918,0.59911,0.65551,0.34272,0.67229,0.80652,0.72764,0.76858,0.71483,0.83752,0.85999,0.84056,0.86517,0.87055,0.85886,0.77776,0.75613,0.78404,0.83701,0.79908,0.81136,0.68986,0.82753,0.83939,0.82295,0.80214,0.83276,0.84769,0.64582,0.85355,0.83913,0.845,0.79287,0.70531,0.85506,0.86644,0.05235,0.03187,0.11767,0.06941,0.05409,0.19957,0.04348,0.15526,0.07102],[0.74698,0.71985,0.73684,0.70265,0.74124,0.83622,0.79325,0.83764,0.81893,0.8394,0.80246,0.75656,0.74269,0.84549,0.85982,0.73154,0.8572,0.89536,0.90628,0.83835,0.84494,0.8485,0.86018,0.83489,0.85854,0.89523,0.89976,0.94419,0.92567,0.8528,1,0.84537,0.82884,0.78305,0.90179,0.84835,0.89382,0.65586,0.89034,0.71313,0.78155,0.81961,0.64397,0.61768,0.6476,0.55672,0.58256,0.72819,0.57461,0.66221,0.44561,0.45484,0.62924,0.3896,0.60544,0.64885,0.64504,0.64888,0.44089,0.40412,0.51005,0.69767,0.69413,0.66214,0.68425,0.67787,0.68103,0.40514,0.68623,0.78836,0.65838,0.76295,0.71825,0.82683,0.81287,0.77587,0.80647,0.85446,0.82759,0.77194,0.73553,0.80813,0.86983,0.79197,0.88369,0.7574,0.85683,0.84708,0.84382,0.80962,0.86642,0.85179,0.75528,0.83305,0.83515,0.83659,0.83542,0.70899,0.7979,0.8328,0.06971,0.04001,0.08602,0.06263,0.07899,0.19439,0.05388,0.15635,0.07989],[0.65408,0.60808,0.64251,0.64108,0.65392,0.74401,0.71038,0.75484,0.73834,0.79559,0.73078,0.7112,0.64618,0.78609,0.77165,0.73975,0.67226,0.727,0.77457,0.83653,0.83483,0.82818,0.86984,0.84365,0.68087,0.90084,0.90913,0.82488,0.89991,0.85836,0.84537,1,0.63374,0.80715,0.76393,0.7545,0.72439,0.65758,0.80098,0.70069,0.67002,0.67682,0.53124,0.5025,0.5571,0.46701,0.46537,0.65799,0.44266,0.54053,0.3436,0.36192,0.56369,0.29101,0.49906,0.53529,0.5877,0.58375,0.34013,0.30997,0.38814,0.56913,0.62416,0.6116,0.63622,0.62406,0.64627,0.37708,0.56831,0.73867,0.6633,0.68079,0.63457,0.72831,0.76317,0.71689,0.74306,0.79276,0.76827,0.69468,0.65606,0.71525,0.81551,0.7326,0.76515,0.72008,0.76172,0.75819,0.73519,0.71489,0.78905,0.7811,0.69443,0.79553,0.79703,0.79614,0.71539,0.62131,0.75391,0.78761,0.05581,0.03208,0.12588,0.06727,0.04608,0.19735,0.05759,0.17119,0.09527],[0.75273,0.7