{"model":"multimodalembedding@001","docs":[{"type":"image","name":"adria-arjona.jpg"},{"type":"image","name":"ahn-bo-hyun.jpg"},{"type":"image","name":"alain-delon.jpg"},{"type":"image","name":"alexandra-daddario.jpg"},{"type":"image","name":"ana-de-armas.jpg"},{"type":"image","name":"angelina-jolie.jpg"},{"type":"image","name":"anna-sawai.jpg"},{"type":"image","name":"anne-hathaway.jpg"},{"type":"image","name":"anya-taylor-joy.jpg"},{"type":"image","name":"arielle-kebbel.jpg"},{"type":"image","name":"austin-butler.jpg"},{"type":"image","name":"benjamin-bratt.jpg"},{"type":"image","name":"bill-skarsgard.jpg"},{"type":"image","name":"burak-ozcivit.jpg"},{"type":"image","name":"byeon-woo-seok.jpg"},{"type":"image","name":"charlize-theron.jpg"},{"type":"image","name":"chris-hemsworth.jpg"},{"type":"image","name":"christine-bermas.jpg"},{"type":"image","name":"claudia-jessie.jpg"},{"type":"image","name":"clint-eastwood.jpg"},{"type":"image","name":"damian-hardung.jpg"},{"type":"image","name":"denzel-washington.jpg"},{"type":"image","name":"eiza-gonzalez.jpg"},{"type":"image","name":"ella-purnell.jpg"},{"type":"image","name":"elliot-page.jpg"},{"type":"image","name":"emily-blunt.jpg"},{"type":"image","name":"emma-stone.jpg"},{"type":"image","name":"eva-green.jpg"},{"type":"image","name":"florence-pugh.jpg"},{"type":"image","name":"freya-allan.jpg"},{"type":"image","name":"fumi-nikaido.jpg"},{"type":"image","name":"gabriel-guevara.jpg"},{"type":"image","name":"gal-gadot.jpg"},{"type":"image","name":"gary-oldman.jpg"},{"type":"image","name":"george-miller.jpg"},{"type":"image","name":"glen-powell.jpg"},{"type":"image","name":"hande-ercel.jpg"},{"type":"image","name":"henry-cavill.jpg"},{"type":"image","name":"ian-mcshane.jpg"},{"type":"image","name":"jackie-chan.jpg"},{"type":"image","name":"jason-momoa.jpg"},{"type":"image","name":"jason-statham.jpg"},{"type":"image","name":"jeff-bridges.jpg"},{"type":"image","name":"jenna-ortega.jpg"},{"type":"image","name":"jennifer-connelly.jpg"},{"type":"image","name":"jennifer-morrison.jpg"},{"type":"image","name":"jeremy-piven.jpg"},{"type":"image","name":"johnny-depp.jpg"},{"type":"image","name":"katheryn-winnick.jpg"},{"type":"image","name":"keanu-reeves.jpg"},{"type":"image","name":"kelly-reilly.jpg"},{"type":"image","name":"kevin-costner.jpg"},{"type":"image","name":"kevin-hart.jpg"},{"type":"image","name":"kim-hye-yoon.jpg"},{"type":"image","name":"kim-ji-ah.jpg"},{"type":"image","name":"kim-ji-won.jpg"},{"type":"image","name":"kristen-stewart.jpg"},{"type":"image","name":"lance-barber.jpg"},{"type":"image","name":"laura-sepul.jpg"},{"type":"image","name":"lee-eun-mi.jpg"},{"type":"image","name":"liam-neeson.jpg"},{"type":"image","name":"lisa-hogan.jpg"},{"type":"image","name":"lucy-liu.jpg"},{"type":"image","name":"matt-damon.jpg"},{"type":"image","name":"mckenna-grace.jpg"},{"type":"image","name":"meg-foster.jpg"},{"type":"image","name":"mel-gibson.jpg"},{"type":"image","name":"mia-goth.jpg"},{"type":"image","name":"milla-jovovich.jpg"},{"type":"image","name":"min-do-yoon.jpg"},{"type":"image","name":"morgan-freeman.jpg"},{"type":"image","name":"nicola-coughlan.jpg"},{"type":"image","name":"nicolas-cage.jpg"},{"type":"image","name":"pedro-pascal.jpg"},{"type":"image","name":"polly-walker.jpg"},{"type":"image","name":"rachel-weisz.jpg"},{"type":"image","name":"raegan-revord.jpg"},{"type":"image","name":"rosamund-pike.jpg"},{"type":"image","name":"rowoon.jpg"},{"type":"image","name":"ryan-gosling.jpg"},{"type":"image","name":"ryan-reynolds.jpg"},{"type":"image","name":"sae-bom.jpg"},{"type":"image","name":"scarlett-johansson.jpg"},{"type":"image","name":"shin-se-kyung.jpg"},{"type":"image","name":"supaporn-malisorn.jpg"},{"type":"image","name":"sydney-sweeney.jpg"},{"type":"image","name":"sylvester-stallone.jpg"},{"type":"image","name":"terrence-howard.jpg"},{"type":"image","name":"timothee-chalamet.jpg"},{"type":"image","name":"tom-cruise.jpg"},{"type":"image","name":"tom-hanks.jpg"},{"type":"image","name":"tom-hardy.jpg"},{"type":"image","name":"tom-holland.jpg"},{"type":"image","name":"vin-diesel.jpg"},{"type":"image","name":"wagner-moura.jpg"},{"type":"image","name":"winona-ryder.jpg"},{"type":"image","name":"yoo-jung.jpg"},{"type":"image","name":"zendaya.jpg"},{"type":"image","name":"zhao-lusi.jpg"},{"type":"text","name":"Smile"},{"type":"text","name":"Frown"},{"type":"text","name":"African"},{"type":"text","name":"Chinese"},{"type":"text","name":"Feminine"},{"type":"text","name":"Facial hair"}],"similarity":[[1,0.44517,0.60515,0.48141,0.64367,0.58075,0.53401,0.54243,0.44193,0.53088,0.44334,0.45074,0.43714,0.44152,0.38619,0.53716,0.47314,0.56726,0.47186,0.47935,0.52682,0.42102,0.65167,0.69689,0.48313,0.5098,0.49894,0.53165,0.5559,0.5565,0.49076,0.44018,0.65775,0.47066,0.51728,0.44135,0.57745,0.41902,0.47452,0.45795,0.50905,0.45366,0.48063,0.52733,0.65694,0.39138,0.39446,0.5539,0.59565,0.49324,0.47975,0.41571,0.48771,0.50942,0.53279,0.45334,0.3481,0.27094,0.55762,0.48828,0.48849,0.40403,0.46411,0.47294,0.41621,0.35999,0.38813,0.5415,0.47656,0.32149,0.40715,0.42481,0.44348,0.52606,0.45859,0.56911,0.53742,0.57083,0.43556,0.47242,0.5687,0.43522,0.5534,0.43081,0.51895,0.38207,0.5457,0.42408,0.52868,0.4895,0.46378,0.59634,0.45229,0.48579,0.55355,0.53951,0.33047,0.53257,0.48035,0.03704,0.04267,0.05159,0.02527,0.06493,0.07162],[0.44517,1,0.49799,0.41435,0.45273,0.46355,0.45645,0.4459,0.30204,0.50412,0.47408,0.44789,0.46417,0.46393,0.68384,0.44058,0.50386,0.53912,0.45594,0.43598,0.50611,0.45179,0.46631,0.46008,0.42726,0.47984,0.40499,0.4311,0.45042,0.45402,0.57118,0.49148,0.41571,0.44796,0.48222,0.45767,0.47578,0.49016,0.50623,0.49748,0.42547,0.43445,0.41974,0.39911,0.45535,0.37411,0.4675,0.4673,0.51512,0.47872,0.41357,0.42475,0.52049,0.74681,0.54872,0.73214,0.32826,0.38345,0.49514,0.56679,0.50147,0.43696,0.39792,0.50959,0.38263,0.40103,0.44626,0.38614,0.41518,0.82827,0.39069,0.48189,0.47639,0.50168,0.42628,0.46483,0.42025,0.47636,0.827,0.4998,0.46702,0.54668,0.47127,0.61071,0.5179,0.33821,0.4476,0.48901,0.51682,0.47171,0.50023,0.49803,0.48877,0.4851,0.51806,0.42839,0.56638,0.42813,0.66064,0.04847,0.0561,0.04096,0.025,0.03828,0.03327],[0.60515,0.49799,1,0.50656,0.68179,0.60134,0.44442,0.56934,0.29166,0.53653,0.55855,0.49474,0.53701,0.51817,0.45243,0.46472,0.58952,0.52086,0.45807,0.59615,0.61273,0.49228,0.52006,0.67316,0.48474,0.51028,0.48776,0.44687,0.46591,0.40828,0.48182,0.47995,0.65652,0.58253,0.59292,0.52823,0.60114,0.47654,0.6197,0.60098,0.52759,0.5336,0.54516,0.43399,0.63681,0.33966,0.46179,0.62328,0.6719,0.60382,0.44241,0.51821,0.47576,0.50521,0.53241,0.44392,0.32388,0.32936,0.6331,0.46602,0.60808,0.43405,0.42278,0.54686,0.38549,0.50718,0.44803,0.43805,0.49542,0.39814,0.46328,0.43821,0.51837,0.60108,0.5991,0.5501,0.42851,0.70505,0.54553,0.59001,0.74279,0.41231,0.51709,0.37971,0.50982,0.28021,0.70954,0.47162,0.61729,0.65326,0.56986,0.76913,0.50949,0.49928,0.61639,0.53368,0.31573,0.43206,0.4675,0.04604,0.07353,0.03773,0.03635,0.03927,0.05773],[0.48141,0.41435,0.50656,1,0.59196,0.65845,0.55777,0.67589,0.3921,0.5404,0.59724,0.54922,0.64802,0.48423,0.41949,0.62717,0.62971,0.50786,0.60271,0.52302,0.49034,0.54173,0.65762,0.60292,0.52062,0.58392,0.69229,0.63847,0.60473,0.48017,0.5172,0.51696,0.62578,0.53595,0.43215,0.52006,0.63614,0.5053,0.53016,0.57438,0.59051,0.55451,0.52388,0.59379,0.60544,0.54909,0.49225,0.51218,0.63851,0.62079,0.51606,0.44563,0.57274,0.50802,0.49741,0.48396,0.50276,0.4253,0.54751,0.51696,0.59978,0.5376,0.54088,0.54466,0.6341,0.57297,0.52334,0.64544,0.68462,0.35829,0.51556,0.53883,0.56129,0.55822,0.5295,0.66449,0.53082,0.60452,0.49542,0.57572,0.52349,0.45766,0.64031,0.49517,0.49488,0.40356,0.55109,0.51609,0.61323,0.58138,0.55579,0.5312,0.61351,0.57506,0.49536,0.57167,0.37562,0.62316,0.53258,0.04784,0.05423,0.02473,0.01139,0.0469,0.07777],[0.64367,0.45273,0.68179,0.59196,1,0.63288,0.54483,0.59763,0.42512,0.62862,0.5113,0.4511,0.48179,0.4749,0.4062,0.54919,0.59772,0.55198,0.52582,0.50635,0.6091,0.45029,0.64077,0.78549,0.40479,0.59136,0.57824,0.49434,0.57693,0.47666,0.53718,0.41702,0.74243,0.51773,0.53779,0.48492,0.65767,0.41161,0.51264,0.5403,0.5438,0.52849,0.50272,0.50711,0.6712,0.39746,0.44657,0.51647,0.74525,0.56578,0.59706,0.48152,0.50008,0.54276,0.55536,0.42602,0.37139,0.32103,0.6516,0.49086,0.53258,0.46808,0.46488,0.51581,0.48054,0.43808,0.42195,0.58908,0.55897,0.35266,0.42223,0.49943,0.48751,0.51641,0.55168,0.60271,0.53432,0.73702,0.516,0.57293,0.72773,0.46256,0.60324,0.46958,0.54068,0.42778,0.65213,0.43607,0.55213,0.55963,0.51001,0.71182,0.48862,0.50095,0.5323,0.53785,0.30818,0.53813,0.51121,0.04852,0.06174,0.03202,0.03919,0.05575,0.06052],[0.58075,0.46355,0.60134,0.65845,0.63288,1,0.61503,0.76755,0.45172,0.62947,0.55449,0.55963,0.56621,0.52452,0.40606,0.64095,0.63481,0.60119,0.5708,0.62657,0.5594,0.63354,0.66036,0.63675,0.52061,0.66415,0.67665,0.62928,0.55106,0.51283,0.59492,0.50139,0.70251,0.60587,0.5403,0.53323,0.67124,0.52092,0.60751,0.64802,0.57094,0.60017,0.61149,0.54252,0.68523,0.53611,0.51567,0.64093,0.68194,0.6598,0.54349,0.53193,0.60925,0.54447,0.54075,0.50719,0.44168,0.3935,0.6508,0.49686,0.65805,0.54494,0.61473,0.66924,0.49627,0.52211,0.54336,0.56134,0.64651,0.39502,0.5704,0.53353,0.63495,0.59125,0.60977,0.68305,0.55469,0.67415,0.50816,0.6253,0.61313,0.47734,0.68909,0.50101,0.58525,0.40488,0.6406,0.55994,0.59973,0.67318,0.64648,0.63537,0.58907,0.63553,0.58745,0.65154,0.39619,0.59367,0.54541,0.05558,0.07692,0.04527,0.02587,0.06531,0.08987],[0.53401,0.45645,0.44442,0.55777,0.54483,0.61503,1,0.59165,0.43834,0.51762,0.50942,0.53781,0.52432,0.48145,0.48864,0.61189,0.57604,0.60389,0.60699,0.47667,0.5297,0.46939,0.64912,0.5504,0.46814,0.57736,0.57072,0.62773,0.64335,0.62381,0.64211,0.50968,0.53557,0.531,0.45765,0.52943,0.61833,0.4801,0.52795,0.54121,0.55173,0.48432,0.491,0.57632,0.57319,0.45997,0.46953,0.50867,0.60346,0.56274,0.52851,0.45762,0.49734,0.63554,0.52378,0.59905,0.43495,0.42086,0.51664,0.52434,0.57448,0.49807,0.68608,0.5267,0.55126,0.47216,0.48866,0.59381,0.56598,0.39072,0.45094,0.49713,0.4911,0.55455,0.47942,0.62801,0.52313,0.56486,0.51011,0.54851,0.47222,0.57726,0.58047,0.56748,0.61029,0.50677,0.49369,0.50145,0.57228,0.49478,0.48821,0.48525,0.52055,0.50825,0.47366,0.51276,0.41606,0.62155,0.58139,0.04273,0.03885,0.0396,0.07035,0.06685,0.08425],[0.54243,0.4459,0.56934,0.67589,0.59763,0.76755,0.59165,1,0.47017,0.59723,0.5708,0.50975,0.58682,0.53059,0.4514,0.58968,0.59038,0.5959,0.58756,0.60201,0.53245,0.58813,0.65288,0.63782,0.51416,0.65545,0.6916,0.59545,0.5455,0.51489,0.58553,0.47128,0.6934,0.59313,0.53732,0.52436,0.68247,0.54665,0.58324,0.59181,0.52131,0.56863,0.55095,0.56667,0.64584,0.56097,0.48744,0.6035,0.69681,0.58294,0.53205,0.5559,0.58948,0.54664,0.51816,0.52218,0.40078,0.39622,0.63691,0.50535,0.6065,0.5243,0.56881,0.64227,0.57085,0.53636,0.48225,0.56565,0.64905,0.35217,0.58414,0.52931,0.58805,0.56616,0.57855,0.73185,0.48362,0.66458,0.50653,0.63311,0.55993,0.50371,0.68264,0.51496,0.5684,0.40853,0.55973,0.53702,0.61185,0.61401,0.62598,0.57869,0.55647,0.60835,0.56277,0.75757,0.3565,0.59697,0.60254,0.06,0.06329,0.03737,0.02726,0.0705,0.07974],[0.44193,0.30204,0.29166,0.3921,0.42512,0.45172,0.43834,0.47017,1,0.45094,0.31843,0.34596,0.3406,0.35886,0.29715,0.45528,0.37913,0.42732,0.42182,0.38143,0.3935,0.35976,0.43655,0.39983,0.36496,0.45116,0.45979,0.44978,0.46131,0.53308,0.45479,0.33467,0.37909,0.37831,0.35561,0.34625,0.3932,0.33097,0.34477,0.33504,0.35377,0.34073,0.39812,0.43053,0.39153,0.39845,0.26792,0.39117,0.45556,0.37839,0.47756,0.30099,0.36245,0.35224,0.34006,0.34562,0.27166,0.24435,0.44438,0.35529,0.36569,0.34448,0.38779,0.37251,0.44662,0.27852,0.32788,0.47257,0.42828,0.22232,0.35616,0.42562,0.34143,0.38524,0.31088,0.45567,0.38528,0.42581,0.32283,0.38997,0.32726,0.36906,0.47186,0.35601,0.40218,0.42068,0.32079,0.33608,0.36682,0.34608,0.34973,0.35005,0.36578,0.36527,0.40046,0.42835,0.23714,0.44234,0.39914,0.02888,0.03455,0.01988,0.02219,0.04978,0.03836],[0.53088,0.50412,0.53653,0.5404,0.62862,0.62947,0.51762,0.59723,0.45094,1,0.51598,0.47959,0.47409,0.4709,0.44237,0.54983,0.55798,0.66261,0.59063,0.51598,0.58614,0.48872,0.6305,0.62379,0.55991,0.60348,0.57041,0.48173,0.56721,0.52884,0.64481,0.49505,0.59048,0.54158,0.64234,0.537,0.57215,0.43833,0.53365,0.55457,0.50576,0.50876,0.50239,0.50131,0.56107,0.48058,0.50082,0.48432,0.71976,0.5583,0.53842,0.50978,0.58118,0.56008,0.61484,0.5246,0.3426,0.37212,0.68503,0.49727,0.52701,0.60575,0.48276,0.54291,0.49821,0.48048,0.44771,0.46997,0.56698,0.43983,0.50097,0.63918,0.51103,0.48584,0.60854,0.56602,0.54609,0.6506,0.52546,0.59586,0.58882,0.50602,0.58931,0.53153,0.64023,0.44856,0.54334,0.50287,0.51014,0.55231,0.59069,0.5548,0.4865,0.53573,0.65671,0.58062,0.37521,0.49047,0.53881,0.07687,0.04592,0.04288,0.02415,0.05768,0.06421],[0.44334,0.47408,0.55855,0.59724,0.5113,0.55449,0.50942,0.5708,0.31843,0.51598,1,0.54712,0.72526,0.52348,0.48768,0.50531,0.69883,0.50749,0.51694,0.55869,0.65189,0.48545,0.57391,0.59724,0.49682,0.50609,0.52701,0.48777,0.56625,0.46338,0.44553,0.56743,0.53401,0.58669,0.5098,0.59189,0.5506,0.5338,0.54861,0.47412,0.55156,0.52248,0.55409,0.53665,0.5016,0.42333,0.47209,0.56023,0.57735,0.57726,0.4338,0.57985,0.50176,0.41799,0.43844,0.43041,0.43179,0.42161,0.52188,0.45432,0.58974,0.4814,0.43326,0.58144,0.46259,0.45815,0.49183,0.51191,0.53177,0.40626,0.57724,0.4861,0.58479,0.53513,0.46643,0.52636,0.45817,0.51,0.51314,0.64257,0.54339,0.44727,0.56871,0.43119,0.45645,0.37184,0.53049,0.51623,0.64522,0.52253,0.56231,0.52442,0.52141,0.5413,0.54288,0.49754,0.3168,0.51555,0.4847,0.05065,0.06984,0.04552,0.03046,0.03524,0.08792],[0.45074,0.44789,0.49474,0.54922,0.4511,0.55963,0.53781,0.50975,0.34596,0.47959,0.54712,1,0.60191,0.52484,0.40052,0.58036,0.60197,0.50743,0.53648,0.57716,0.54557,0.59405,0.63309,0.43873,0.54896,0.53444,0.48417,0.56675,0.55118,0.45004,0.49437,0.61674,0.4708,0.70026,0.49422,0.58683,0.49997,0.53248,0.64457,0.61269,0.61777,0.56034,0.64366,0.563,0.51952,0.43179,0.61179,0.62315,0.53042,0.69235,0.43739,0.55836,0.6026,0.45617,0.39155,0.42484,0.43597,0.50851,0.47242,0.38837,0.67022,0.5634,0.53013,0.55591,0.54014,0.41069,0.63732,0.54618,0.54253,0.42448,0.53621,0.45134,0.59176,0.69542,0.46449,0.58442,0.46882,0.49618,0.46265,0.53548,0.53459,0.40041,0.52971,0.41886,0.4534,0.39595,0.61047,0.71986,0.61453,0.61699,0.61498,0.53491,0.62417,0.59831,0.60663,0.47875,0.36072,0.56141,0.49152,0.0537,0.06109,0.04391,0.0395,0.04006,0.09159],[0.43714,0.46417,0.53701,0.64802,0.48179,0.56621,0.52432,0.58682,0.3406,0.47409,0.72526,0.60191,1,0.50639,0.4242,0.55149,0.60705,0.44183,0.51903,0.51178,0.59401,0.52889,0.58498,0.5347,0.54533,0.52611,0.53275,0.59011,0.52831,0.41481,0.46408,0.57721,0.51659,0.56721,0.47699,0.55685,0.51089,0.54926,0.56732,0.53104,0.58893,0.55962,0.54592,0.53755,0.50195,0.48353,0.51159,0.61065,0.57516,0.60272,0.4225,0.48466,0.51265,0.42952,0.40546,0.42104,0.45502,0.47442,0.51206,0.39623,0.58951,0.46822,0.51178,0.60573,0.52567,0.4405,0.45806,0.58528,0.60738,0.39071,0.48826,0.47152,0.59267,0.53926,0.4872,0.55208,0.42472,0.51706,0.50894,0.61003,0.50068,0.40413,0.54067,0.39277,0.411,0.33824,0.49023,0.60602,0.64778,0.54422,0.58308,0.54573,0.59517,0.53761,0.50742,0.54355,0.32496,0.52977,0.44538,0.06669,0.07323,0.04417,0.03735,0.04146,0.08154],[0.44152,0.46393,0.51817,0.48423,0.4749,0.52452,0.48145,0.53059,0.35886,0.4709,0.52348,0.52484,0.50639,1,0.47089,0.48312,0.57401,0.48641,0.44864,0.47878,0.53335,0.45265,0.54835,0.48441,0.44013,0.4529,0.47437,0.47671,0.49188,0.44221,0.50097,0.51797,0.47414,0.53928,0.4574,0.58339,0.6669,0.55542,0.52231,0.51418,0.59186,0.54829,0.49922,0.5006,0.48266,0.44342,0.54068,0.59007,0.54245,0.60284,0.45096,0.47112,0.5613,0.44996,0.4286,0.45079,0.31242,0.38753,0.54541,0.4016,0.51736,0.45379,0.4048,0.52395,0.42416,0.40889,0.53978,0.4517,0.46978,0.40418,0.49221,0.4434,0.4763,0.57459,0.44247,0.50381,0.41656,0.49304,0.5216,0.56721,0.54135,0.4345,0.51691,0.45801,0.4803,0.36426,0.54252,0.54451,0.54265,0.5575,0.50313,0.56915,0.50066,0.54807,0.55484,0.50008,0.3565,0.4792,0.51331,0.05557,0.06552,0.03658,0.02322,0.02941,0.1224],[0.38619,0.68384,0.45243,0.41949,0.4062,0.40606,0.48864,0.4514,0.29715,0.44237,0.48768,0.40052,0.4242,0.47089,1,0.42227,0.50853,0.4889,0.42282,0.37305,0.49988,0.40888,0.42033,0.39519,0.42501,0.43477,0.39532,0.47041,0.44595,0.47488,0.48335,0.47057,0.3877,0.43031,0.44027,0.45257,0.48428,0.44791,0.46132,0.44298,0.42317,0.40197,0.41815,0.37888,0.44709,0.38376,0.39102,0.45448,0.46903,0.47929,0.36001,0.37642,0.44456,0.63163,0.4797,0.62019,0.32745,0.37736,0.45495,0.53083,0.51994,0.43141,0.38891,0.40064,0.37646,0.39271,0.44507,0.39389,0.43081,0.6228,0.38487,0.3824,0.43934,0.4959,0.43736,0.48389,0.40321,0.44157,0.75638,0.48021,0.41884,0.54355,0.45203,0.54932,0.48571,0.34099,0.3933,0.42091,0.54808,0.45268,0.42845,0.40793,0.41323,0.43421,0.41962,0.43008,0.52441,0.43739,0.62481,0.06312,0.06464,0.03201,0.02278,0.0434,0.04671],[0.53716,0.44058,0.46472,0.62717,0.54919,0.64095,0.61189,0.58968,0.45528,0.54983,0.50531,0.58036,0.55149,0.48312,0.42227,1,0.61984,0.50407,0.50667,0.4935,0.51488,0.51497,0.62464,0.53613,0.58994,0.63589,0.63252,0.7173,0.73022,0.5194,0.58943,0.53707,0.52369,0.55948,0.45982,0.55798,0.53933,0.47636,0.48787,0.54427,0.59226,0.55168,0.51727,0.55387,0.60761,0.50817,0.46472,0.56957,0.55697,0.62698,0.55069,0.45545,0.56602,0.46338,0.46016,0.48806,0.56585,0.37339,0.54624,0.41002,0.60241,0.57774,0.60345,0.54629,0.59057,0.4027,0.56757,0.6285,0.7153,0.36229,0.45039,0.52322,0.52857,0.54965,0.51971,0.67136,0.43431,0.5678,0.48029,0.56199,0.53521,0.4576,0.63462,0.49113,0.49568,0.42283,0.55217,0.5268,0.62457,0.58083,0.52059,0.52706,0.58607,0.55993,0.50211,0.55242,0.39933,0.62124,0.50976,0.05181,0.06332,0.03187,0.02351,0.06667,0.08321],[0.47314,0.50386,0.58952,0.62971,0.59772,0.63481,0.57604,0.59038,0.37913,0.55798,0.69883,0.60197,0.60705,0.57401,0.50853,0.61984,1,0.54639,0.54094,0.61263,0.66207,0.58662,0.57864,0.55305,0.50694,0.6289,0.61091,0.60756,0.6201,0.48231,0.54599,0.5745,0.5783,0.66945,0.52895,0.68509,0.58873,0.62971,0.61764,0.5957,0.69705,0.64911,0.64145,0.52911,0.60974,0.44408,0.51302,0.66839,0.59223,0.72267,0.53567,0.57553,0.63343,0.49739,0.51084,0.48178,0.47739,0.44526,0.54704,0.5076,0.6804,0.51855,0.53068,0.6572,0.5211,0.45184,0.65645,0.55413,0.60968,0.44042,0.57272,0.48927,0.60927,0.64585,0.51658,0.61962,0.46636,0.57371,0.55899,0.69956,0.70968,0.51022,0.67919,0.49951,0.54197,0.40978,0.64452,0.54414,0.7258,0.67008,0.61947,0.66034,0.67676,0.62901,0.5786,0.522,0.41275,0.59994,0.53887,0.05004,0.0581,0.03539,0.02664,0.02852,0.10486],[0.56726,0.53912,0.52086,0.50786,0.55198,0.60119,0.60389,0.5959,0.42732,0.66261,0.50749,0.50743,0.44183,0.48641,0.4889,0.50407,0.54639,1,0.57871,0.51061,0.58852,0.46502,0.61785,0.61233,0.47158,0.51714,0.553,0.50301,0.54757,0.57998,0.69661,0.50885,0.59908,0.56137,0.60916,0.50952,0.64358,0.45465,0.54488,0.52588,0.46517,0.46341,0.49297,0.56579,0.55511,0.4116,0.4121,0.49249,0.60468,0.52908,0.4577,0.463,0.56126,0.64532,0.68542,0.63088,0.34528,0.36751,0.65711,0.60082,0.55413,0.51431,0.50489,0.51935,0.46179,0.45989,0.45137,0.51487,0.48246,0.44574,0.50449,0.58326,0.48042,0.5097,0.5268,0.57857,0.5349,0.55421,0.53316,0.57421,0.5223,0.63384,0.60445,0.56202,0.79914,0.45228,0.50129,0.48366,0.53621,0.50176,0.56069,0.50937,0.49184,0.53426,0.57796,0.55401,0.4856,0.55499,0.61831,0.06023,0.0505,0.05028,0.04145,0.06586,0.07311],[0.47186,0.45594,0.45807,0.60271,0.52582,0.5708,0.60699,0.58756,0.42182,0.59063,0.51694,0.53648,0.51903,0.44864,0.42282,0.50667,0.54094,0.57871,1,0.46617,0.57884,0.47956,0.63423,0.53415,0.55621,0.62895,0.62406,0.53069,0.63106,0.61624,0.63251,0.51311,0.50868,0.53905,0.48247,0.51127,0.55586,0.47856,0.54782,0.47573,0.49254,0.43891,0.51351,0.5808,0.56147,0.45028,0.48282,0.44315,0.66346,0.50245,0.56481,0.42771,0.5017,0.61504,0.46353,0.55671,0.37528,0.46055,0.59675,0.53131,0.54048,0.51207,0.47994,0.51517,0.56925,0.56609,0.44669,0.64206,0.54446,0.39165,0.46091,0.66871,0.48182,0.5552,0.4825,0.62703,0.6139,0.66541,0.51836,0.50108,0.42015,0.47857,0.54999,0.55776,0.54735,0.54413,0.43427,0.52773,0.55924,0.45226,0.48385,0.47066,0.5022,0.48655,0.54892,0.5005,0.40762,0.61497,0.52766,0.04462,0.03336,0.04103,0.03409,0.06682,0.06869],[0.47935,0.43598,0.59615,0.52302,0.50635,0.62657,0.47667,0.60201,0.38143,0.51598,0.55869,0.57716,0.51178,0.47878,0.37305,0.4935,0.61263,0.51061,0.46617,1,0.56981,0.63382,0.55975,0.50189,0.47283,0.5385,0.56026,0.44483,0.47812,0.43106,0.49974,0.45015,0.55862,0.65691,0.60403,0.54717,0.52686,0.54431,0.68758,0.63766,0.56507,0.59768,0.7087,0.48965,0.57539,0.41608,0.45797,0.59183,0.54725,0.64381,0.39456,0.62149,0.57975,0.44464,0.43629,0.4309,0.34232,0.37366,0.53229,0.46003,0.68833,0.46784,0.45067,0.63178,0.39003,0.50088,0.55495,0.46113,0.49126,0.36884,0.65682,0.44286,0.68651,0.59385,0.48403,0.53199,0.45975,0.53843,0.44334,0.66322,0.60243,0.39181,0.55823,0.40595,0.48955,0.32252,0.6431,0.55323,0.60904,0.63566,0.70131,0.59603,0.52128,0.61742,0.56737,0.53483,0.33353,0.49457,0.46344,0.03546,0.1021,0.02824,0.02627,0.03176,0.07215],[0.52682,0.50611,0.61273,0.49034,0.6091,0.5594,0.5297,0.53245,0.3935,0.58614,0.65189,0.54557,0.59401,0.53335,0.49988,0.51488,0.66207,0.58852,0.57884,0.56981,1,0.51046,0.59933,0.55806,0.49174,0.52303,0.53997,0.49361,0.56796,0.548,0.57039,0.59492,0.50383,0.67629,0.59196,0.62215,0.53117,0.55849,0.65488,0.50342,0.5578,0.53805,0.57762,0.52096,0.53269,0.38988,0.43624,0.58739,0.5708,0.58142,0.58135,0.55042,0.50107,0.50673,0.47217,0.46962,0.36464,0.42055,0.66677,0.49012,0.59582,0.47123,0.41115,0.57745,0.44937,0.46103,0.45774,0.53344,0.53678,0.45874,0.57252,0.5345,0.54546,0.60851,0.50586,0.55899,0.50738,0.55573,0.57512,0.64479,0.60743,0.47858,0.56042,0.45631,0.53822,0.46328,0.51811,0.56286,0.63836,0.5572,0.58413,0.59097,0.5298,0.52738,0.61011,0.4923,0.37398,0.53847,0.46293,0.04487,0.0698,0.05061,0.04458,0.03602,0.06711],[0.42102,0.45179,0.49228,0.54173,0.45029,0.63354,0.46939,0.58813,0.35976,0.48872,0.48545,0.59405,0.52889,0.45265,0.40888,0.51497,0.58662,0.46502,0.47956,0.63382,0.51046,1,0.54816,0.42365,0.48231,0.5436,0.57115,0.49231,0.44444,0.41053,0.48848,0.48098,0.50438,0.64343,0.52585,0.47063,0.48313,0.50936,0.62367,0.66238,0.54744,0.58506,0.68609,0.46894,0.53052,0.46049,0.51722,0.57092,0.51803,0.6125,0.4403,0.60198,0.63426,0.44609,0.39697,0.42449,0.38708,0.47051,0.51069,0.39421,0.64766,0.4773,0.4956,0.69861,0.41917,0.47255,0.6263,0.47308,0.51946,0.3511,0.67669,0.4451,0.57094,0.61894,0.45235,0.53774,0.45747,0.53086,0.4545,0.6021,0.53637,0.39565,0.54486,0.37025,0.43764,0.32228,0.58929,0.65306,0.58217,0.62325,0.69423,0.54263,0.57698,0.63866,0.58254,0.51617,0.3332,0.51052,0.43043,0.05021,0.09148,0.07066,0.03133,0.03734,0.08054],[0.65167,0.46631,0.52006,0.65762,0.64077,0.66036,0.64912,0.65288,0.43655,0.6305,0.57391,0.63309,0.58498,0.54835,0.42033,0.62464,0.57864,0.61785,0.63423,0.55975,0.59933,0.54816,1,0.60926,0.56811,0.59762,0.63569,0.6255,0.65792,0.56082,0.61815,0.61868,0.67755,0.58326,0.52817,0.55451,0.70833,0.55046,0.5988,0.56536,0.60147,0.55095,0.56099,0.78136,0.67246,0.53174,0.54308,0.56937,0.65744,0.62453,0.53546,0.52831,0.60716,0.57041,0.5186,0.5362,0.44015,0.42194,0.64307,0.48733,0.6149,0.52244,0.55778,0.57445,0.58609,0.47984,0.52614,0.67172,0.57016,0.37229,0.51836,0.56272,0.56537,0.61945,0.55828,0.70471,0.64447,0.60817,0.51748,0.59705,0.51477,0.48493,0.67493,0.56484,0.5423,0.45871,0.5371,0.59758,0.5906,0.53984,0.56882,0.55715,0.55401,0.61576,0.63369,0.61315,0.40981,0.63796,0.59771,0.04832,0.06243,0.0464,0.03854,0.06763,0.08979],[0.69689,0.46008,0.67316,0.60292,0.78549,0.63675,0.5504,0.63782,0.39983,0.62379,0.59724,0.43873,0.5347,0.48441,0.39519,0.53613,0.55305,0.61233,0.53415,0.50189,0.55806,0.42365,0.60926,1,0.46325,0.54058,0.58406,0.47448,0.56446,0.49518,0.55763,0.44996,0.73673,0.49584,0.56649,0.47163,0.67704,0.40781,0.52319,0.51242,0.52345,0.49784,0.45585,0.52755,0.60311,0.4073,0.43369,0.51272,0.71105,0.54783,0.49111,0.43706,0.48876,0.55516,0.61543,0.46773,0.35637,0.33381,0.64137,0.50479,0.50962,0.44816,0.46243,0.51463,0.46817,0.46208,0.38753,0.57816,0.54682,0.34561,0.48733,0.54488,0.5002,0.49156,0.57707,0.57402,0.51352,0.69014,0.49061,0.54583,0.67433,0.48085,0.5701,0.46948,0.57399,0.42078,0.64733,0.44551,0.5389,0.5347,0.52062,0.66541,0.492,0.50382,0.55639,0.57824,0.3449,0.51764,0.51944,0.0589,0.06653,0.04334,0.03234,0.06712,0.08704],[0.48313,0.42726,0.48474,0.52062,0.40479,0.52061,0.46814,0.51416,0.36496,0.55991,0.49682,0.54896,0.54533,0.44013,0.42501,0.58994,0.50694,0.47158,0.55621,0.47283,0.49174,0.48231,0.56811,0.46325,1,0.56016,0.47689,0.57379,0.5646,0.42938,0.52575,0.56388,0.44946,0.54417,0.48093,0.57498,0.44226,0.45313,0.50424,0.56275,0.52752,0.50998,0.46871,0.52346,0.59362,0.39827,0.52767,0.5106,0.47636,0.58409,0.42993,0.42997,0.52059,0.41552,0.44746,0.42372,0.41931,0.43186,0.48158,0.40094,0.54946,0.52802,0.49896,0.55544,0.46435,0.40355,0.45211,0.55472,0.55521,0.40088,0.43243,0.46027,0.49582,0.55602,0.50748,0.60536,0.46303,0.5101,0.48371,0.53506,0.47098,0.40559,0.48345,0.40595,0.45713,0.30678,0.46769,0.52809,0.58309,0.57693,0.52558,0.44649,0.52669,0.50522,0.6102,0.57686,0.35186,0.48669,0.41332,0.06281,0.05923,0.0433,0.03007,0.06731,0.07145],[0.5098,0.47984,0.51028,0.58392,0.59136,0.66415,0.57736,0.65545,0.45116,0.60348,0.50609,0.53444,0.52611,0.4529,0.43477,0.63589,0.6289,0.51714,0.62895,0.5385,0.52303,0.5436,0.59762,0.54058,0.56016,1,0.67761,0.62746,0.59398,0.54319,0.53716,0.49341,0.57786,0.54027,0.47973,0.54703,0.54874,0.55833,0.56763,0.57351,0.54398,0.52253,0.55055,0.53099,0.68593,0.51713,0.51559,0.52218,0.65753,0.59223,0.564,0.50226,0.59951,0.55867,0.49707,0.51245,0.44519,0.43344,0.59982,0.47654,0.62054,0.58312,0.52918,0.58086,0.59237,0.47615,0.5433,0.53991,0.56898,0.39532,0.47408,0.62055,0.58914,0.58159,0.58718,0.65827,0.54056,0.68541,0.53808,0.6008,0.5289,0.45563,0.6738,0.50524,0.51488,0.43639,0.5349,0.52638,0.63038,0.56994,0.61355,0.56057,0.5738,0.56462,0.53887,0.64238,0.38509,0.54299,0.52143,0.05037,0.05526,0.04071,0.02844,0.05386,0.069],[0.49894,0.40499,0.48776,0.69229,0.57824,0.67665,0.57072,0.6916,0.45979,0.57041,0.52701,0.48417,0.53275,0.47437,0.39532,0.63252,0.61091,0.553,0.62406,0.56026,0.53997,0.57115,0.63569,0.58406,0.47689,0.67761,1,0.59326,0.57529,0.53239,0.58929,0.4664,0.59325,0.55729,0.47187,0.48399,0.60787,0.47853,0.56137,0.54527,0.54868,0.50487,0.54959,0.64,0.60404,0.55024,0.46616,0.56842,0.62414,0.58031,0.61568,0.48186,0.5797,0.50883,0.48412,0.50317,0.47878,0.35766,0.61701,0.46862,0.61012,0.49311,0.51311,0.60351,0.58955,0.54966,0.48074,0.6118,0.61718,0.32704,0.54744,0.61087,0.5642,0.57069,0.53145,0.63503,0.52295,0.60385,0.47194,0.65456,0.51005,0.49881,0.70263,0.49727,0.54004,0.41711,0.49944,0.50722,0.61175,0.53113,0.59552,0.54119,0.60458,0.55821,0.52978,0.59642,0.37055,0.65801,0.5164,0.04688,0.05569,0.02793,0.01119,0.05019,0.07805],[0.53165,0.4311,0.44687,0.63847,0.49434,0.62928,0.62773,0.59545,0.44978,0.48173,0.48777,0.56675,0.59011,0.47671,0.47041,0.7173,0.60756,0.50301,0.53069,0.44483,0.49361,0.49231,0.6255,0.47448,0.57379,0.62746,0.59326,1,0.66302,0.54313,0.55233,0.56947,0.52447,0.55073,0.44152,0.54699,0.50556,0.51178,0.52817,0.53163,0.56753,0.51835,0.51276,0.5761,0.68731,0.48763,0.47536,0.57646,0.52467,0.62198,0.53817,0.42274,0.56507,0.49552,0.43963,0.50237,0.54352,0.42407,0.53464,0.43837,0.61065,0.51843,0.60789,0.50502,0.59944,0.40814,0.55758,0.66794,0.64087,0.37511,0.44405,0.48245,0.54832,0.55344,0.50059,0.74408,0.50161,0.51522,0.49874,0.52345,0.47428,0.49859,0.61076,0.46775,0.48908,0.4093,0.49141,0.48985,0.59976,0.54169,0.50738,0.4716,0.58117,0.53087,0.49911,0.59846,0.40977,0.60506,0.53656,0.05799,0.07946,0.04864,0.03532,0.06188,0.0777],[0.5559,0.45042,0.46591,0.60473,0.57693,0.55106,0.64335,0.5455,0.46131,0.56721,0.56625,0.55118,0.52831,0.49188,0.44595,0.73022,0.6201,0.54757,0.63106,0.47812,0.56796,0.44444,0.65792,0.56446,0.5646,0.59398,0.57529,0.66302,1,0.59162,0.59099,0.60975,0.49999,0.52257,0.48723,0.54314,0.57967,0.47575,0.50783,0.47891,0.57544,0.50103,0.50754,0.56557,0.56478,0.40261,0.46285,0.5211,0.59838,0.57595,0.53153,0.45982,0.51605,0.4919,0.45028,0.48886,0.5578,0.37112,0.54125,0.50201,0.52784,0.52472,0.47997,0.49801,0.59556,0.43449,0.50625,0.68933,0.65263,0.3774,0.44668,0.55774,0.47301,0.50125,0.44283,0.66682,0.55452,0.56749,0.50075,0.50108,0.49018,0.46389,0.60416,0.50177,0.51255,0.51277,0.5172,0.47313,0.62563,0.49947,0.47895,0.48744,0.52553,0.48883,0.50763,0.49331,0.3848,0.6635,0.50443,0.04556,0.0555,0.03821,0.02857,0.06385,0.08195],[0.5565,0.45402,0.40828,0.48017,0.47666,0.51283,0.62381,0.51489,0.53308,0.52884,0.46338,0.45004,0.41481,0.44221,0.47488,0.5194,0.48231,0.57998,0.61624,0.43106,0.548,0.41053,0.56082,0.49518,0.42938,0.54319,0.53239,0.54313,0.59162,1,0.54577,0.4811,0.44829,0.47154,0.45178,0.43034,0.53259,0.42611,0.47911,0.42737,0.43475,0.40281,0.45095,0.53725,0.52287,0.43335,0.39429,0.46968,0.56393,0.46242,0.51568,0.40396,0.44957,0.57247,0.46689,0.56377,0.36425,0.32877,0.54362,0.47032,0.47766,0.45526,0.44651,0.43093,0.55622,0.35993,0.42137,0.55554,0.45403,0.35142,0.43339,0.56044,0.44896,0.49129,0.43465,0.51886,0.56433,0.51327,0.4681,0.46086,0.38535,0.54211,0.5569,0.53074,0.5469,0.63164,0.40888,0.43412,0.51028,0.40859,0.44184,0.41451,0.42357,0.45429,0.44766,0.47383,0.3811,0.53262,0.55398,0.04815,0.03655,0.03466,0.03218,0.06668,0.06353],[0.49076,0.57118,0.48182,0.5172,0.53718,0.59492,0.64211,0.58553,0.45479,0.64481,0.44553,0.49437,0.46408,0.50097,0.48335,0.58943,0.54599,0.69661,0.63251,0.49974,0.57039,0.48848,0.61815,0.55763,0.52575,0.53716,0.58929,0.55233,0.59099,0.54577,1,0.48295,0.55599,0.55914,0.54211,0.49513,0.57842,0.45561,0.53939,0.56411,0.47506,0.48471,0.49262,0.55225,0.55053,0.43277,0.44302,0.50814,0.61911,0.53992,0.54273,0.45291,0.50887,0.71159,0.61962,0.69756,0.3999,0.37138,0.64032,0.5772,0.53977,0.48968,0.54858,0.53072,0.48896,0.456,0.45937,0.57474,0.57074,0.49523,0.48458,0.62832,0.50757,0.50986,0.51771,0.59589,0.48658,0.60422,0.58536,0.55903,0.50092,0.61411,0.56225,0.62971,0.68958,0.44046,0.49386,0.51416,0.51859,0.49018,0.51673,0.50893,0.49588,0.52041,0.57323,0.55907,0.55288,0.55959,0.63315,0.05406,0.06058,0.02619,0.04593,0.06312,0.06398],[0.44018,0.49148,0.47995,0.51696,0.41702,0.50139,0.50968,0.47128,0.33467,0.49505,0.56743,0.61674,0.57721,0.51797,0.47057,0.53707,0.5745,0.50885,0.51311,0.45015,0.59492,0.48098,0.61868,0.44996,0.56388,0.49341,0.4664,0.56947,0.60975,0.4811,0.48295,1,0.41109,0.5165,0.50631,0.55914,0.53785,0.53546,0.59363,0.53133,0.54708,0.5173,0.48491,0.58435,0.47408,0.36711,0.4904,0.50524,0.47294,0.57752,0.44224,0.48031,0.55352,0.48398,0.41735,0.4367,0.41262,0.43947,0.49175,0.3679,0.58456,0.5426,0.41817,0.50013,0.57312,0.41083,0.5965,0.53947,0.47038,0.4113,0.46123,0.48986,0.49504,0.53274,0.49546,0.55954,0.534,0.44976,0.55889,0.49249,0.46769,0.39165,0.47878,0.45158,0.47356,0.39855,0.5171,0.51794,0.62654,0.57819,0.52211,0.46197,0.65404,0.54417,0.57353,0.49097,0.39017,0.53366,0.50542,0.072,0.05999,0.04706,0.041,0.03733,0.07004],[0.65775,0.41571,0.65652,0.62578,0.74243,0.70251,0.53557,0.6934,0.37909,0.59048,0.53401,0.4708,0.51659,0.47414,0.3877,0.52369,0.5783,0.59908,0.50868,0.55862,0.50383,0.50438,0.67755,0.73673,0.44946,0.57786,0.59325,0.52447,0.49999,0.44829,0.55599,0.41109,1,0.50632,0.53184,0.44477,0.72298,0.49022,0.51013,0.58845,0.569,0.55583,0.53007,0.56205,0.71617,0.43461,0.43909,0.55125,0.70964,0.59122,0.47191,0.48554,0.55574,0.5177,0.57308,0.45668,0.34987,0.31512,0.57697,0.53409,0.5592,0.45586,0.51052,0.55577,0.43977,0.45495,0.4416,0.48276,0.54021,0.3034,0.5115,0.47234,0.55931,0.53023,0.54949,0.61063,0.48539,0.6834,0.45306,0.5745,0.65493,0.49405,0.67113,0.46055,0.54465,0.35321,0.6385,0.45775,0.55752,0.59554,0.57572,0.6837,0.54057,0.59509,0.53727,0.58387,0.34357,0.56451,0.51956,0.05937,0.05067,0.03933,0.03185,0.0682,0.0741],[0.47066,0.44796,0.58253,0.53595,0.51773,0.60587,0.531,0.59313,0.37831,0.54158,0.58669,0.70026,0.56721,0.53928,0.43031,0.55948,0.66945,0.56137,0.53905,0.65691,0.67629,0.64343,0.58326,0.49584,0.54417,0.54027,0.55729,0.55073,0.52257,0.47154,0.55914,0.5165,0.50632,1,0.68304,0.60839,0.51847,0.52283,0.69285,0.60479,0.58708,0.56902,0.71189,0.54709,0.58282,0.44322,0.49493,0.66537,0.55852,0.65912,0.52262,0.63984,0.58693,0.47818,0.44729,0.47757,0.38713,0.49922,0.59715,0.46057,0.71864,0.48119,0.50698,0.65124,0.43173,0.45795,0.58378,0.52171,0.52346,0.42069,0.6367,0.49645,0.61479,0.68277,0.51761,0.58952,0.47736,0.54529,0.48611,0.68162,0.62626,0.50579,0.58163,0.44588,0.54459,0.38107,0.62169,0.6509,0.61807,0.61056,0.62614,0.62626,0.55891,0.59236,0.66253,0.55668,0.36197,0.50852,0.49694,0.0388,0.07886,0.03383,0.0309,0.02058,0.09958],[0.51728,0.48222,0.59292,0.43215,0.53779,0.5403,0.45765,0.53732,0.35561,0.64234,0.5098,0.49422,0.47699,0.4574,0.44027,0.45982,0.52895,0.60916,0.48247,0.60403,0.59196,0.52585,0.52817,0.56649,0.48093,0.47973,0.47187,0.44152,0.48723,0.45178,0.54211,0.50631,0.53184,0.68304,1,0.51673,0.53189,0.44473,0.65655,0.55157,0.46291,0.46423,0.5999,0.45819,0.51191,0.35873,0.44844,0.51123,0.54913,0.54497,0.39977,0.5106,0.5767,0.51253,0.5328,0.50204,0.2897,0.45282,0.67478,0.49437,0.58738,0.49165,0.40848,0.55421,0.38139,0.41368,0.46825,0.42775,0.45146,0.39212,0.55505,0.51565,0.51804,0.53173,0.55258,0.52916,0.46404,0.55004,0.47602,0.57147,0.56555,0.46994,0.50427,0.43114,0.55084,0.33893,0.59052,0.49758,0.53927,0.52605,0.63976,0.54915,0.45262,0.51163,0.71064,0.52166,0.38087,0.42767,0.4905,0.06545,0.05706,0.0433,0.03618,0.02976,0.05336],[0.44135,0.45767,0.52823,0.52006,0.48492,0.53323,0.52943,0.52436,0.34625,0.537,0.59189,0.58683,0.55685,0.58339,0.45257,0.55798,0.68509,0.50952,0.51127,0.54717,0.62215,0.47063,0.55451,0.47163,0.57498,0.54703,0.48399,0.54699,0.54314,0.43034,0.49513,0.55914,0.44477,0.60839,0.51673,1,0.46932,0.56771,0.56413,0.52385,0.57242,0.60895,0.51773,0.46221,0.51314,0.394,0.5661,0.54523,0.54042,0.66444,0.50002,0.57175,0.54287,0.43911,0.43885,0.42169,0.36142,0.48365,0.56055,0.41148,0.64221,0.49618,0.48294,0.54975,0.47884,0.43329,0.55594,0.51693,0.54159,0.44209,0.47324,0.48019,0.5344,0.59608,0.54512,0.58841,0.40939,0.52302,0.51601,0.66848,0.60762,0.40055,0.52423,0.42731,0.47221,0.34432,0.53056,0.58945,0.57352,0.63776,0.55725,0.56806,0.54412,0.52973,0.55069,0.52313,0.32836,0.49814,0.46144,0.05068,0.05708,0.0459,0.03605,0.03646,0.10739],[0.57745,0.47578,0.60114,0.63614,0.65767,0.67124,0.61833,0.68247,0.3932,0.57215,0.5506,0.49997,0.51089,0.6669,0.48428,0.53933,0.58873,0.64358,0.55586,0.52686,0.53117,0.48313,0.70833,0.67704,0.44226,0.54874,0.60787,0.50556,0.57967,0.53259,0.57842,0.53785,0.72298,0.51847,0.53189,0.46932,1,0.48857,0.56225,0.56704,0.53528,0.51272,0.50717,0.63188,0.63057,0.44537,0.4752,0.53666,0.67873,0.58918,0.46189,0.45357,0.55861,0.60035,0.60508,0.52219,0.36093,0.37499,0.60163,0.56293,0.56919,0.49111,0.50348,0.5239,0.54393,0.47186,0.45874,0.54066,0.53496,0.35319,0.523,0.49377,0.51383,0.57377,0.55454,0.67158,0.55665,0.6198,0.52885,0.56898,0.56186,0.53552,0.65958,0.55284,0.61312,0.44995,0.58303,0.48823,0.59613,0.56734,0.5359,0.58715,0.55883,0.57413,0.53947,0.56657,0.40567,0.57871,0.62744,0.0554,0.05648,0.04743,0.02576,0.06206,0.07948],[0.41902,0.49016,0.47654,0.5053,0.41161,0.52092,0.4801,0.54665,0.33097,0.43833,0.5338,0.53248,0.54926,0.55542,0.44791,0.47636,0.62971,0.45465,0.47856,0.54431,0.55849,0.50936,0.55046,0.40781,0.45313,0.55833,0.47853,0.51178,0.47575,0.42611,0.45561,0.53546,0.49022,0.52283,0.44473,0.56771,0.48857,1,0.54136,0.50133,0.58819,0.54483,0.54822,0.48386,0.52066,0.51735,0.52384,0.56492,0.51033,0.58471,0.45627,0.51953,0.6006,0.4639,0.41114,0.44274,0.34358,0.42596,0.44629,0.38964,0.5965,0.43539,0.43126,0.59425,0.45604,0.41854,0.53637,0.41981,0.47183,0.41259,0.49304,0.43972,0.58151,0.60631,0.4112,0.51137,0.42566,0.45736,0.52212,0.54784,0.48245,0.39803,0.52722,0.44842,0.40694,0.38731,0.4769,0.59055,0.58389,0.57299,0.52618,0.52311,0.57181,0.59185,0.51526,0.52517,0.33716,0.49495,0.48412,0.0568,0.06573,0.03508,0.03662,0.04031,0.08742],[0.47452,0.50623,0.6197,0.53016,0.51264,0.60751,0.52795,0.58324,0.34477,0.53365,0.54861,0.64457,0.56732,0.52231,0.46132,0.48787,0.61764,0.54488,0.54782,0.68758,0.65488,0.62367,0.5988,0.52319,0.50424,0.56763,0.56137,0.52817,0.50783,0.47911,0.53939,0.59363,0.51013,0.69285,0.65655,0.56413,0.56225,0.54136,1,0.64556,0.5527,0.53787,0.65312,0.54231,0.57791,0.37543,0.54156,0.61444,0.56467,0.61809,0.48058,0.51274,0.61208,0.53035,0.46517,0.50966,0.35878,0.50565,0.66143,0.48523,0.71103,0.52571,0.46616,0.60833,0.44967,0.50817,0.61479,0.5274,0.48946,0.44055,0.61922,0.49967,0.67955,0.66277,0.53297,0.61465,0.50294,0.55176,0.55876,0.65032,0.55242,0.47538,0.60742,0.43344,0.50799,0.37852,0.63938,0.64132,0.6588,0.55917,0.70367,0.572,0.53108,0.60569,0.66253,0.55273,0.42307,0.52358,0.52832,0.04319,0.08193,0.03279,0.04069,0.02777,0.06804],[0.45795,0.49748,0.60098,0.57438,0.5403,0.64802,0.54121,0.59181,0.33504,0.55457,0.47412,0.61269,0.53104,0.51418,0.44298,0.54427,0.5957,0.52588,0.47573,0.63766,0.50342,0.66238,0.56536,0.51242,0.56275,0.57351,0.54527,0.53163,0.47891,0.42737,0.56411,0.53133,0.58845,0.60479,0.55157,0.52385,0.56704,0.50133,0.64556,1,0.59344,0.69038,0.61603,0.50919,0.60252,0.44336,0.54777,0.59594,0.60167,0.69661,0.4703,0.56482,0.66887,0.51508,0.51953,0.47544,0.35517,0.43881,0.5563,0.4671,0.72331,0.507,0.57562,0.66942,0.47537,0.47987,0.62783,0.48029,0.5444,0.42556,0.58749,0.446,0.69,0.61352,0.52855,0.55727,0.44458,0.58732,0.54144,0.61253,0.62119,0.43979,0.56991,0.431,0.52525,0.31766,0.69984,0.60033,0.60631,0.7555,0.70793,0.6174,0.63978,0.71559,0.56714,0.53477,0.41794,0.50643,0.5463,0.06942,0.07865,0.04668,0.09809,0.03748,0.0682],[0.50905,0.42547,0.52759,0.59051,0.5438,0.57094,0.55173,0.52131,0.35377,0.50576,0.55156,0.61777,0.58893,0.59186,0.42317,0.59226,0.69705,0.46517,0.49254,0.56507,0.5578,0.54744,0.60147,0.52345,0.52752,0.54398,0.54868,0.56753,0.57544,0.43475,0.47506,0.54708,0.569,0.58708,0.46291,0.57242,0.53528,0.58819,0.5527,0.59344,1,0.66448,0.63346,0.52725,0.574,0.48625,0.55782,0.67676,0.55351,0.72272,0.47898,0.51241,0.61855,0.44387,0.44094,0.40538,0.44259,0.39158,0.47856,0.42207,0.63476,0.50693,0.51676,0.60504,0.49553,0.41734,0.58744,0.55308,0.54603,0.36936,0.49241,0.42892,0.56972,0.62123,0.47626,0.56041,0.45542,0.51115,0.46316,0.59743,0.57832,0.44648,0.58969,0.41281,0.43082,0.353,0.59343,0.5756,0.66772,0.60469,0.53026,0.60272,0.58968,0.63733,0.55528,0.48427,0.37108,0.5214,0.47784,0.0543,0.06998,0.03914,0.02648,0.03973,0.11418],[0.45366,0.43445,0.5336,0.55451,0.52849,0.60017,0.48432,0.56863,0.34073,0.50876,0.52248,0.56034,0.55962,0.54829,0.40197,0.55168,0.64911,0.46341,0.43891,0.59768,0.53805,0.58506,0.55095,0.49784,0.50998,0.52253,0.50487,0.51835,0.50103,0.40281,0.48471,0.5173,0.55583,0.56902,0.46423,0.60895,0.51272,0.54483,0.53787,0.69038,0.66448,1,0.57625,0.4864,0.54919,0.41994,0.58944,0.57636,0.55344,0.73941,0.47263,0.60221,0.61856,0.4618,0.47742,0.41028,0.355,0.34377,0.51884,0.4379,0.65501,0.44942,0.51119,0.65281,0.46076,0.41464,0.6263,0.48818,0.56906,0.35234,0.53628,0.41835,0.62427,0.56733,0.50058,0.55575,0.41201,0.52999,0.47829,0.63972,0.66563,0.4206,0.54361,0.40687,0.4526,0.30525,0.63741,0.52576,0.60919,0.66273,0.60075,0.64792,0.60689,0.71221,0.52674,0.49543,0.37076,0.47858,0.46982,0.05126,0.07325,0.04201,0.04425,0.03156,0.10556],[0.48063,0.41974,0.54516,0.52388,0.50272,0.61149,0.491,0.55095,0.39812,0.50239,0.55409,0.64366,0.54592,0.49922,0.41815,0.51727,0.64145,0.49297,0.51351,0.7087,0.57762,0.68609,0.56099,0.45585,0.46871,0.55055,0.54959,0.51276,0.50754,0.45095,0.49262,0.48491,0.53007,0.71189,0.5999,0.51773,0.50717,0.54822,0.65312,0.61603,0.63346,0.57625,1,0.51458,0.5948,0.44049,0.50812,0.65451,0.53508,0.67648,0.46401,0.57428,0.61899,0.47595,0.406,0.43419,0.37489,0.48959,0.51442,0.4498,0.67582,0.49728,0.4846,0.63475,0.42705,0.47615,0.6538,0.48462,0.51019,0.33865,0.62422,0.47294,0.61934,0.6859,0.45391,0.53695,0.50539,0.53241,0.4721,0.60269,0.5821,0.44363,0.54046,0.39722,0.44657,0.36049,0.62054,0.58769,0.60215,0.62016,0.67549,0.63131,0.54325,0.60378,0.62484,0.47771,0.34649,0.50891,0.48751,0.04736,0.07489,0.03737,0.0323