{"model":"multimodalembedding@001","docs":[{"type":"image","name":"10251.jpg"},{"type":"image","name":"10452.jpg"},{"type":"image","name":"10610.jpg"},{"type":"image","name":"10730.jpg"},{"type":"image","name":"10760.jpg"},{"type":"image","name":"10807.jpg"},{"type":"image","name":"10810.jpg"},{"type":"image","name":"10962.jpg"},{"type":"image","name":"11395.jpg"},{"type":"image","name":"11511.jpg"},{"type":"image","name":"11620.jpg"},{"type":"image","name":"11708.jpg"},{"type":"image","name":"11943.jpg"},{"type":"image","name":"12042.jpg"},{"type":"image","name":"12048.jpg"},{"type":"image","name":"12068.jpg"},{"type":"image","name":"12140.jpg"},{"type":"image","name":"12303.jpg"},{"type":"image","name":"12318.jpg"},{"type":"image","name":"12442.jpg"},{"type":"image","name":"12522.jpg"},{"type":"image","name":"12579.jpg"},{"type":"image","name":"13076.jpg"},{"type":"image","name":"100002.jpg"},{"type":"image","name":"100184.jpg"},{"type":"image","name":"100710.jpg"},{"type":"image","name":"101633.jpg"},{"type":"image","name":"101702.jpg"},{"type":"image","name":"103161.jpg"},{"type":"image","name":"103311.jpg"},{"type":"image","name":"104010.jpg"},{"type":"image","name":"105416.jpg"},{"type":"image","name":"105790.jpg"},{"type":"image","name":"105802.jpg"},{"type":"image","name":"106363.jpg"},{"type":"image","name":"106457.jpg"},{"type":"image","name":"106647.jpg"},{"type":"image","name":"107970.jpg"},{"type":"image","name":"109538.jpg"},{"type":"image","name":"109689.jpg"},{"type":"image","name":"110520.jpg"},{"type":"image","name":"110739.jpg"},{"type":"image","name":"110921.jpg"},{"type":"image","name":"111024.jpg"},{"type":"image","name":"112304.jpg"},{"type":"image","name":"112435.jpg"},{"type":"image","name":"113092.jpg"},{"type":"image","name":"113265.jpg"},{"type":"image","name":"114203.jpg"},{"type":"image","name":"114401.jpg"},{"type":"image","name":"115205.jpg"},{"type":"image","name":"115242.jpg"},{"type":"image","name":"115407.jpg"},{"type":"image","name":"115535.jpg"},{"type":"image","name":"115936.jpg"},{"type":"image","name":"116551.jpg"},{"type":"image","name":"116940.jpg"},{"type":"image","name":"116951.jpg"},{"type":"image","name":"117425.jpg"},{"type":"image","name":"117955.jpg"},{"type":"image","name":"118061.jpg"},{"type":"image","name":"118812.jpg"},{"type":"image","name":"120005.jpg"},{"type":"image","name":"121405.jpg"},{"type":"image","name":"121473.jpg"},{"type":"image","name":"121717.jpg"},{"type":"image","name":"121861.jpg"},{"type":"image","name":"123282.jpg"},{"type":"image","name":"123354.jpg"},{"type":"image","name":"123784.jpg"},{"type":"image","name":"124057.jpg"},{"type":"image","name":"125594.jpg"},{"type":"image","name":"126046.jpg"},{"type":"image","name":"126280.jpg"},{"type":"image","name":"126443.jpg"},{"type":"image","name":"127766.jpg"},{"type":"image","name":"128036.jpg"},{"type":"image","name":"130565.jpg"},{"type":"image","name":"130665.jpg"},{"type":"image","name":"130775.jpg"},{"type":"image","name":"131403.jpg"},{"type":"image","name":"131747.jpg"},{"type":"image","name":"131757.jpg"},{"type":"image","name":"1001147.jpg"},{"type":"image","name":"1001353.jpg"},{"type":"image","name":"1001415.jpg"},{"type":"image","name":"1001422.jpg"},{"type":"image","name":"1003048.jpg"},{"type":"image","name":"1003591.jpg"},{"type":"image","name":"1003756.jpg"},{"type":"image","name":"1003984.jpg"},{"type":"image","name":"1004578.jpg"},{"type":"image","name":"1005416.jpg"},{"type":"image","name":"1005642.jpg"},{"type":"image","name":"1005763.jpg"},{"type":"image","name":"1007124.jpg"},{"type":"image","name":"1007338.jpg"},{"type":"image","name":"1007724.jpg"},{"type":"image","name":"1008814.jpg"},{"type":"image","name":"1009472.jpg"},{"type":"text","name":"Bedroom"},{"type":"text","name":"Bathroom"},{"type":"text","name":"Kitchen"},{"type":"text","name":"Interior"},{"type":"text","name":"Exterior"},{"type":"text","name":"Furniture"},{"type":"text","name":"Pets"},{"type":"text","name":"Pools"},{"type":"text","name":"Balcony"},{"type":"text","name":"Garden"},{"type":"text","name":"Artwork"}],"similarity":[[1,0.47969,0.65559,0.4741,0.48835,0.43179,0.50029,0.50132,0.58894,0.46096,0.54353,0.43504,0.47932,0.37418,0.53477,0.4581,0.56042,0.331,0.43049,0.53665,0.55291,0.52174,0.51883,0.49747,0.729,0.43951,0.43271,0.36164,0.3558,0.47719,0.54167,0.57043,0.44389,0.47413,0.49443,0.55239,0.56258,0.42285,0.54515,0.42041,0.50839,0.48336,0.41406,0.44121,0.45383,0.54802,0.55074,0.43786,0.5121,0.46277,0.45111,0.49226,0.55647,0.54874,0.47912,0.47404,0.47198,0.53311,0.54735,0.723,0.60502,0.53277,0.32271,0.51782,0.4763,0.62694,0.47887,0.5098,0.46914,0.33795,0.58365,0.56914,0.47369,0.58726,0.57807,0.27717,0.39253,0.39988,0.45726,0.39961,0.54941,0.48218,0.3782,0.60567,0.63511,0.42556,0.47604,0.5104,0.5154,0.51239,0.61287,0.58775,0.40318,0.39352,0.4203,0.60388,0.39637,0.42989,0.33151,0.45945,0.00525,0.00454,-0.00001,0.01158,0.07973,0.00918,0.01778,0.02497,-0.00205,0.00686,-0.00564],[0.47969,1,0.53497,0.62372,0.68009,0.48738,0.54073,0.57991,0.60644,0.64127,0.58823,0.41551,0.83686,0.45668,0.54868,0.59204,0.43059,0.44994,0.41806,0.52837,0.4933,0.57104,0.58402,0.79193,0.51598,0.53887,0.45144,0.49434,0.42404,0.76232,0.55164,0.63025,0.74873,0.61961,0.53837,0.56667,0.72068,0.46959,0.55092,0.74571,0.32866,0.57434,0.48814,0.54569,0.5028,0.61643,0.50258,0.62381,0.56889,0.54573,0.62609,0.48723,0.592,0.68622,0.60697,0.45077,0.48416,0.58606,0.57438,0.45332,0.46112,0.69567,0.35961,0.50755,0.62477,0.68852,0.801,0.5549,0.65224,0.43444,0.78175,0.61665,0.55062,0.53678,0.72868,0.44318,0.68058,0.58405,0.62274,0.3771,0.39995,0.59792,0.42571,0.73431,0.55756,0.42791,0.67311,0.62,0.67536,0.40963,0.68183,0.543,0.70711,0.69322,0.5795,0.66851,0.56393,0.5682,0.46154,0.59333,0.06059,-0.00428,-0.00323,0.03959,-0.00033,0.04074,0.00508,0.00919,-0.00916,-0.00213,-0.01204],[0.65559,0.53497,1,0.56599,0.43353,0.41827,0.53116,0.43463,0.56206,0.39738,0.60165,0.45992,0.48489,0.2882,0.58742,0.36335,0.57855,0.31517,0.5398,0.6402,0.57189,0.4529,0.46407,0.48403,0.70388,0.41971,0.49266,0.3327,0.39442,0.52362,0.56128,0.62628,0.53045,0.44938,0.57913,0.58796,0.57181,0.38381,0.46381,0.44568,0.43296,0.39167,0.51248,0.4481,0.47764,0.51066,0.50435,0.45763,0.5859,0.39997,0.41375,0.38869,0.57296,0.59035,0.48885,0.3284,0.41931,0.43426,0.51973,0.52773,0.46764,0.60688,0.2787,0.42602,0.56581,0.6384,0.45756,0.40085,0.44572,0.36391,0.62483,0.6085,0.46648,0.52066,0.63239,0.29276,0.44587,0.39008,0.53395,0.45136,0.60594,0.45443,0.44562,0.59755,0.63497,0.491,0.50357,0.5635,0.50179,0.53798,0.54672,0.63673,0.48969,0.4495,0.50436,0.6006,0.38962,0.48184,0.35,0.49262,0.02372,0.02247,0.0164,0.01428,0.07671,0.02479,0.03054,0.03086,0.0209,0.02832,0.00046],[0.4741,0.62372,0.56599,1,0.63025,0.61889,0.4428,0.58005,0.55537,0.52581,0.51781,0.56655,0.6281,0.41631,0.46607,0.57577,0.37504,0.52316,0.38596,0.60897,0.51079,0.57076,0.64351,0.65918,0.45083,0.54968,0.5345,0.58529,0.70657,0.60961,0.52898,0.53349,0.67087,0.64907,0.57037,0.48928,0.4777,0.60473,0.61541,0.60941,0.34769,0.50037,0.52964,0.61241,0.59813,0.61924,0.50612,0.60165,0.48397,0.54597,0.63047,0.54137,0.47867,0.50432,0.74617,0.54787,0.58702,0.56836,0.70359,0.47101,0.42997,0.52949,0.34169,0.62617,0.59555,0.52946,0.66416,0.59322,0.61102,0.43781,0.54497,0.4813,0.51584,0.66446,0.65692,0.4391,0.63476,0.51332,0.4356,0.36394,0.54061,0.64978,0.39912,0.55899,0.61168,0.44393,0.57956,0.52826,0.68718,0.37837,0.59887,0.49428,0.67316,0.6172,0.73125,0.5923,0.52662,0.79798,0.58568,0.70193,0.02534,0.00161,0.00631,0.07215,0.01194,0.05534,0.01629,0.02034,-0.00502,0.00376,-0.01487],[0.48835,0.68009,0.43353,0.63025,1,0.5144,0.51142,0.58019,0.575,0.63099,0.50471,0.42931,0.71737,0.48337,0.48209,0.63868,0.39734,0.51843,0.31849,0.44788,0.41046,0.64756,0.78845,0.84993,0.41647,0.68336,0.43646,0.64839,0.39667,0.63269,0.58977,0.57284,0.62384,0.71537,0.44911,0.46736,0.64496,0.5265,0.69913,0.71509,0.39093,0.63584,0.41944,0.46207,0.47834,0.74805,0.51029,0.57264,0.45932,0.72622,0.67968,0.59292,0.47608,0.57356,0.57862,0.55201,0.49892,0.66952,0.58828,0.44951,0.45658,0.57939,0.3283,0.64131,0.57691,0.6041,0.7941,0.68057,0.62067,0.45998,0.6474,0.5165,0.55963,0.55283,0.61899,0.41687,0.54893,0.48555,0.46288,0.31906,0.46236,0.70879,0.35242,0.72409,0.50312,0.37542,0.6794,0.53142,0.68107,0.37613,0.7085,0.46064,0.63332,0.62469,0.6023,0.66249,0.59788,0.5843,0.4123,0.67195,0.07127,-0.00917,0.00063,0.0357,0.01012,0.026,0.00784,0.02163,-0.00245,0.01073,-0.00289],[0.43179,0.48738,0.41827,0.61889,0.5144,1,0.50372,0.54599,0.5831,0.48757,0.52681,0.49454,0.52679,0.53539,0.49128,0.52091,0.42879,0.44104,0.31753,0.4522,0.55238,0.55232,0.5804,0.57326,0.40906,0.51428,0.42816,0.54049,0.53176,0.54737,0.51804,0.50655,0.59445,0.53252,0.41477,0.49198,0.48647,0.55852,0.49866,0.58414,0.40341,0.40692,0.40641,0.57051,0.48364,0.68461,0.49799,0.59073,0.40965,0.6075,0.61781,0.52148,0.48224,0.43308,0.53275,0.56661,0.63798,0.52084,0.60811,0.50093,0.42468,0.448,0.33785,0.55782,0.47771,0.46908,0.54621,0.60173,0.61323,0.4519,0.50179,0.42502,0.51409,0.57664,0.57221,0.43611,0.4949,0.5076,0.41429,0.30328,0.43459,0.56924,0.33738,0.54951,0.59574,0.39545,0.53498,0.50659,0.59373,0.3285,0.56212,0.55546,0.57058,0.54256,0.54369,0.51189,0.57153,0.57616,0.52705,0.60488,0.00776,-0.00321,0.05963,0.06411,0.01399,0.04182,0.00304,0.01997,0.00026,0.00598,-0.00064],[0.50029,0.54073,0.53116,0.4428,0.51142,0.50372,1,0.4415,0.58613,0.48347,0.69578,0.36915,0.542,0.49014,0.64201,0.40299,0.62069,0.38633,0.50677,0.36848,0.6689,0.53406,0.49019,0.57257,0.60677,0.50098,0.38342,0.35807,0.32259,0.52506,0.6015,0.74936,0.46344,0.47512,0.49225,0.68515,0.76141,0.38217,0.45588,0.5307,0.43011,0.53857,0.39233,0.47807,0.47586,0.5781,0.59286,0.46906,0.62735,0.41867,0.4611,0.50443,0.69907,0.70681,0.42378,0.41406,0.43486,0.51945,0.449,0.41703,0.3635,0.7067,0.3688,0.45814,0.51521,0.69223,0.52401,0.5222,0.45362,0.47379,0.72581,0.74533,0.65971,0.49283,0.64965,0.32061,0.44491,0.45486,0.65608,0.45548,0.33367,0.48734,0.63844,0.72723,0.61473,0.44103,0.60897,0.63498,0.46116,0.52822,0.59286,0.71997,0.50776,0.51183,0.47128,0.6888,0.54321,0.44764,0.33316,0.5201,0.08405,0.00589,0.01682,0.05317,0.01486,0.06058,0.02275,0.01801,0.02733,0.0193,0.02347],[0.50132,0.57991,0.43463,0.58005,0.58019,0.54599,0.4415,1,0.54901,0.54437,0.45169,0.39198,0.57836,0.48629,0.43454,0.56144,0.40471,0.39002,0.30328,0.47042,0.45995,0.44498,0.56037,0.65562,0.41973,0.46545,0.3555,0.4897,0.41584,0.56166,0.4911,0.54624,0.60997,0.53476,0.45106,0.45913,0.53838,0.45944,0.4731,0.62782,0.36482,0.39597,0.39544,0.51636,0.5202,0.56426,0.43171,0.49784,0.46695,0.62251,0.54255,0.47499,0.44076,0.55796,0.64045,0.52847,0.47338,0.53971,0.62578,0.51081,0.46143,0.52931,0.30966,0.59662,0.40944,0.565,0.6235,0.54907,0.63448,0.34626,0.57768,0.5499,0.47109,0.65604,0.59582,0.5089,0.49144,0.47935,0.39035,0.33054,0.43136,0.46756,0.3245,0.5825,0.61931,0.3631,0.56959,0.56831,0.52488,0.30697,0.51101,0.45747,0.65299,0.58915,0.4817,0.53748,0.51443,0.54282,0.47144,0.57255,0.05494,-0.00369,0.03064,0.04822,0.01694,0.02743,0.01442,0.02464,0.01706,0.01568,-0.01713],[0.58894,0.60644,0.56206,0.55537,0.575,0.5831,0.58613,0.54901,1,0.55524,0.64483,0.48857,0.61832,0.41648,0.63464,0.49079,0.63833,0.44322,0.44085,0.47561,0.63716,0.61582,0.62768,0.64123,0.61206,0.53433,0.44346,0.52743,0.3806,0.57343,0.57398,0.60916,0.63833,0.57636,0.49882,0.62099,0.72386,0.50885,0.62378,0.52278,0.43346,0.51276,0.417,0.54008,0.49865,0.69362,0.5972,0.54729,0.53285,0.57065,0.59861,0.52443,0.68194,0.58859,0.56185,0.51102,0.62526,0.59191,0.60955,0.55049,0.50789,0.57184,0.47929,0.47924,0.53053,0.6343,0.60652,0.57054,0.70344,0.41409,0.6744,0.59653,0.58793,0.62716,0.71213,0.34443,0.54876,0.50793,0.51289,0.42783,0.43018,0.58161,0.43812,0.73298,0.66645,0.44319,0.588,0.68193,0.63721,0.5207,0.73651,0.71567,0.51822,0.61533,0.50737,0.68801,0.50848,0.51705,0.37163,0.54809,0.02626,0.01246,0.0638,0.0669,0.02066,0.03577,0.02157,0.0341,0.0281,0.00478,-0.00654],[0.46096,0.64127,0.39738,0.52581,0.63099,0.48757,0.48347,0.54437,0.55524,1,0.48964,0.39265,0.6877,0.51621,0.44239,0.64604,0.38445,0.45285,0.28992,0.42167,0.41303,0.58759,0.60541,0.69357,0.4232,0.49938,0.39503,0.50945,0.43699,0.65247,0.49226,0.58607,0.56463,0.62833,0.46763,0.49286,0.59782,0.4792,0.57135,0.62485,0.40288,0.58576,0.41057,0.46542,0.4283,0.61502,0.50395,0.49473,0.4135,0.51561,0.60373,0.51108,0.50789,0.56823,0.48003,0.55242,0.59336,0.60089,0.49091,0.40885,0.48969,0.58615,0.3302,0.55841,0.54544,0.58477,0.70667,0.64108,0.59081,0.44142,0.58935,0.56753,0.55164,0.49171,0.59628,0.44786,0.52908,0.56899,0.46251,0.32381,0.33988,0.58415,0.33742,0.64109,0.50261,0.30459,0.59898,0.50655,0.62326,0.3457,0.6932,0.47392,0.53898,0.54288,0.46686,0.57209,0.5494,0.45039,0.36655,0.50514,0.08405,-0.00853,-0.01144,0.05077,-0.00028,0.0456,0.01707,0.01531,-0.01393,-0.00272,-0.00011],[0.54353,0.58823,0.60165,0.51781,0.50471,0.52681,0.69578,0.45169,0.64483,0.48964,1,0.38789,0.57866,0.36705,0.7105,0.36269,0.65546,0.39355,0.6033,0.4433,0.77771,0.54412,0.51345,0.53144,0.71044,0.48155,0.43056,0.38962,0.32935,0.5641,0.64981,0.80185,0.54787,0.53716,0.60458,0.74535,0.76427,0.42472,0.49211,0.55356,0.4249,0.49246,0.44485,0.51759,0.48875,0.6035,0.65943,0.64044,0.69979,0.42775,0.50285,0.45846,0.74692,0.70346,0.51768,0.45014,0.51451,0.42976,0.51957,0.49859,0.42178,0.75952,0.34446,0.43569,0.50281,0.7133,0.52957,0.41913,0.53229,0.47483,0.76266,0.70656,0.61757,0.53325,0.76115,0.29787,0.52541,0.44851,0.72005,0.53402,0.36355,0.52823,0.53377,0.77206,0.6028,0.50918,0.60542,0.77349,0.55182,0.62178,0.67896,0.77082,0.56572,0.49648,0.48723,0.7703,0.4705,0.46566,0.40074,0.6114,0.04542,0.03874,0.01731,0.08321,0.01935,0.05895,0.02463,0.02889,0.04144,0.02509,0.03542],[0.43504,0.41551,0.45992,0.56655,0.42931,0.49454,0.36915,0.39198,0.48857,0.39265,0.38789,1,0.46009,0.36447,0.3616,0.42697,0.28416,0.43626,0.30002,0.45352,0.40351,0.42829,0.58296,0.48331,0.39012,0.48539,0.43939,0.41616,0.46475,0.4243,0.39647,0.40637,0.49405,0.45043,0.44086,0.39438,0.3463,0.49807,0.56107,0.41359,0.33053,0.41606,0.43665,0.49825,0.47118,0.50863,0.42419,0.38561,0.3039,0.4415,0.43076,0.45322,0.43339,0.38139,0.48944,0.45121,0.45491,0.50556,0.56236,0.42018,0.35461,0.38654,0.26106,0.53193,0.47235,0.43017,0.45843,0.51382,0.42331,0.39026,0.4204,0.39505,0.38376,0.54335,0.42848,0.34516,0.38612,0.38064,0.3252,0.25116,0.44479,0.51789,0.30855,0.39936,0.55036,0.3831,0.47984,0.35022,0.50956,0.28698,0.45298,0.40097,0.45451,0.42717,0.53844,0.3906,0.48563,0.5539,0.34934,0.52691,0.02652,0.0156,0.03339,0.06654,0.00705,0.06386,0.01667,0.02684,-0.00546,0.0078,0.00001],[0.47932,0.83686,0.48489,0.6281,0.71737,0.52679,0.542,0.57836,0.61832,0.6877,0.57866,0.46009,1,0.47801,0.52453,0.58607,0.41651,0.46154,0.39464,0.4766,0.47601,0.65198,0.65673,0.79632,0.46099,0.63905,0.47619,0.53383,0.4467,0.72791,0.57343,0.61931,0.64611,0.65835,0.54402,0.53849,0.66991,0.47416,0.62711,0.70353,0.35135,0.63172,0.46511,0.53651,0.49464,0.63504,0.51137,0.57866,0.50054,0.58855,0.68702,0.52989,0.54995,0.65239,0.59345,0.55082,0.58236,0.66254,0.63402,0.45767,0.49793,0.65228,0.35372,0.5394,0.63351,0.64185,0.8426,0.65085,0.62994,0.48581,0.72398,0.5818,0.55808,0.57678,0.6807,0.44009,0.63053,0.57376,0.56661,0.35671,0.42177,0.6518,0.41086,0.73869,0.55596,0.44106,0.69152,0.57298,0.72844,0.41336,0.69199,0.51734,0.63317,0.6815,0.57303,0.65322,0.60257,0.57964,0.43824,0.61126,0.07735,0.00053,-0.00759,0.04403,0.00324,0.03224,0.00675,0.01121,-0.0042,0.00471,-0.01354],[0.37418,0.45668,0.2882,0.41631,0.48337,0.53539,0.49014,0.48629,0.41648,0.51621,0.36705,0.36447,0.47801,1,0.37501,0.59684,0.32437,0.49701,0.21522,0.35903,0.36127,0.44309,0.45791,0.58256,0.32029,0.45538,0.34876,0.4415,0.38892,0.52014,0.38816,0.50621,0.46635,0.42144,0.33841,0.40462,0.47621,0.49509,0.41599,0.53583,0.39544,0.44994,0.36174,0.48264,0.39539,0.5177,0.44222,0.39473,0.33797,0.49792,0.56706,0.48322,0.41407,0.49979,0.42533,0.51328,0.52745,0.53744,0.41436,0.33831,0.41146,0.46724,0.27207,0.52604,0.4501,0.46963,0.54709,0.59373,0.50604,0.3667,0.4972,0.47769,0.50768,0.44543,0.42563,0.48409,0.42741,0.5045,0.38387,0.23939,0.32715,0.43827,0.40166,0.50147,0.40971,0.31789,0.60911,0.39141,0.49136,0.27627,0.45731,0.39802,0.51682,0.52608,0.39013,0.41886,0.60678,0.4402,0.42262,0.38097,0.0649,-0.00127,-0.00044,0.02272,0.01287,0.04564,0.00398,0.01542,0.00297,0.00471,0.01193],[0.53477,0.54868,0.58742,0.46607,0.48209,0.49128,0.64201,0.43454,0.63464,0.44239,0.7105,0.3616,0.52453,0.37501,1,0.38905,0.61064,0.33563,0.5309,0.41177,0.63164,0.52982,0.47846,0.51517,0.64981,0.47656,0.38783,0.37164,0.3199,0.48979,0.61223,0.71008,0.55878,0.48227,0.55253,0.67469,0.69073,0.39562,0.49534,0.48446,0.41779,0.5149,0.38263,0.46285,0.44675,0.61491,0.56578,0.50239,0.60401,0.47605,0.48381,0.45497,0.673,0.65264,0.4622,0.40991,0.45635,0.50906,0.49594,0.46055,0.4312,0.65503,0.32778,0.39601,0.53978,0.66208,0.50176,0.44517,0.53032,0.39194,0.69146,0.64517,0.56925,0.51167,0.68341,0.29967,0.47421,0.38045,0.61291,0.47733,0.34878,0.54124,0.47618,0.71365,0.67183,0.49976,0.52299,0.63815,0.52739,0.6139,0.63096,0.78118,0.46625,0.48533,0.45942,0.71461,0.41272,0.42679,0.35828,0.50437,0.02842,0.02894,0.0958,0.06875,0.02082,0.05119,0.03311,0.03154,0.01812,0.02434,0.02621],[0.4581,0.59204,0.36335,0.57577,0.63868,0.52091,0.40299,0.56144,0.49079,0.64604,0.36269,0.42697,0.58607,0.59684,0.38905,1,0.29118,0.44451,0.21943,0.43569,0.35919,0.5367,0.61089,0.75763,0.36942,0.52166,0.37578,0.57509,0.51329,0.58453,0.43485,0.45512,0.57507,0.59709,0.39293,0.38965,0.49656,0.47135,0.60628,0.63861,0.35592,0.54175,0.35606,0.48152,0.44255,0.628,0.42169,0.45501,0.40146,0.60306,0.63912,0.5609,0.38688,0.5319,0.51333,0.49421,0.54948,0.6909,0.59108,0.41226,0.50688,0.51159,0.30739,0.63294,0.52035,0.5801,0.67366,0.74648,0.58127,0.37408,0.55586,0.47157,0.48867,0.4797,0.49693,0.44767,0.4974,0.50028,0.38198,0.2312,0.37436,0.56353,0.29251,0.5718,0.51692,0.24824,0.57436,0.44142,0.65068,0.27444,0.61405,0.3657,0.54977,0.60403,0.53185,0.50692,0.53938,0.50499,0.49893,0.53428,0.06915,-0.01599,-0.01056,0.04472,0.02089,0.04364,0.00674,0.01224,-0.0073,0.00907,-0.00699],[0.56042,0.43059,0.57855,0.37504,0.39734,0.42879,0.62069,0.40471,0.63833,0.38445,0.65546,0.28416,0.41651,0.32437,0.61064,0.29118,1,0.33901,0.55523,0.3819,0.6726,0.473,0.4092,0.43933,0.71578,0.38095,0.43241,0.2957,0.26131,0.42428,0.63444,0.63461,0.43916,0.39139,0.42857,0.62406,0.69571,0.37332,0.38686,0.42556,0.61317,0.3564,0.4079,0.40638,0.38276,0.46736,0.55047,0.46482,0.61252,0.35778,0.42555,0.39355,0.6856,0.59842,0.40499,0.32817,0.45783,0.39296,0.41179,0.52603,0.42728,0.58299,0.39582,0.33923,0.37314,0.60814,0.4127,0.37017,0.46586,0.3571,0.64964,0.6188,0.55073,0.46746,0.63572,0.23733,0.40903,0.37256,0.57969,0.51414,0.35354,0.38604,0.49665,0.67647,0.54842,0.44121,0.4924,0.67981,0.42496,0.58778,0.58198,0.73762,0.40677,0.42262,0.33977,0.63701,0.37451,0.36514,0.27214,0.42983,0.01396,0.02438,0.01431,0.02906,0.05557,0.03114,0.03634,0.08741,0.04552,0.0541,0.01912],[0.331,0.44994,0.31517,0.52316,0.51843,0.44104,0.38633,0.39002,0.44322,0.45285,0.39355,0.43626,0.46154,0.49701,0.33563,0.44451,0.33901,1,0.24907,0.36814,0.34453,0.56942,0.5544,0.54681,0.33127,0.44761,0.32661,0.4785,0.49807,0.4216,0.43115,0.41498,0.48304,0.57086,0.35352,0.39818,0.43819,0.67194,0.44671,0.50498,0.36134,0.35436,0.36182,0.39576,0.44563,0.55305,0.45796,0.51632,0.30836,0.48438,0.63108,0.50697,0.39433,0.40514,0.48529,0.50047,0.47225,0.43456,0.48481,0.33379,0.31715,0.40929,0.28565,0.4718,0.38654,0.40171,0.5143,0.44693,0.47456,0.44122,0.44496,0.35824,0.60302,0.55918,0.48508,0.40941,0.54787,0.445,0.336,0.2634,0.27033,0.46826,0.43659,0.47824,0.36612,0.30759,0.58135,0.45736,0.56921,0.26775,0.54758,0.37125,0.46699,0.48398,0.52436,0.50141,0.49788,0.54291,0.35063,0.50334,0.01507,0.00559,-0.00443,0.03916,0.00546,0.06067,0.01201,0.01187,-0.00909,0.00284,0.00584],[0.43049,0.41806,0.5398,0.38596,0.31849,0.31753,0.50677,0.30328,0.44085,0.28992,0.6033,0.30002,0.39464,0.21522,0.5309,0.21943,0.55523,0.24907,1,0.44214,0.55407,0.37024,0.33645,0.33524,0.59191,0.33619,0.40697,0.24727,0.25094,0.37467,0.48392,0.5629,0.3642,0.33044,0.49387,0.52711,0.53263,0.28811,0.36779,0.33643,0.39743,0.34747,0.38612,0.38957,0.33348,0.37705,0.43282,0.3968,0.5572,0.24845,0.32096,0.27836,0.55547,0.50231,0.38434,0.25765,0.32732,0.30657,0.33499,0.39123,0.29393,0.53483,0.24718,0.26749,0.37706,0.51995,0.36089,0.262,0.32868,0.30055,0.54593,0.5112,0.42796,0.37652,0.55264,0.19761,0.3659,0.28383,0.52743,0.53172,0.35175,0.36204,0.4429,0.53847,0.45983,0.4948,0.42057,0.55205,0.38725,0.75181,0.43532,0.5738,0.41039,0.33099,0.36324,0.5315,0.28841,0.35472,0.26161,0.40305,0.02294,0.01916,0.0298,0.02845,0.03417,0.025,0.02613,0.02935,0.02484,0.01965,0.01843],[0.53665,0.52837,0.6402,0.60897,0.44788,0.4522,0.36848,0.47042,0.47561,0.42167,0.4433,0.45352,0.4766,0.35903,0.41177,0.43569,0.3819,0.36814,0.44214,1,0.43811,0.43133,0.4833,0.49966,0.50532,0.42232,0.46729,0.42138,0.45382,0.516,0.42646,0.46691,0.53916,0.47738,0.5767,0.41101,0.43027,0.46347,0.4647,0.51147,0.35672,0.39673,0.47755,0.50902,0.415,0.4951,0.41814,0.47695,0.42829,0.43362,0.48039,0.38307,0.4105,0.41905,0.48419,0.3806,0.42125,0.46254,0.46677,0.5154,0.37301,0.43569,0.25893,0.5019,0.48927,0.43344,0.46548,0.45676,0.46166,0.29196,0.47112,0.39796,0.35656,0.52199,0.53418,0.38811,0.48553,0.44871,0.37325,0.37139,0.50796,0.41298,0.33491,0.46043,0.47387,0.42179,0.5124,0.44023,0.53939,0.40844,0.46063,0.44313,0.51637,0.53036,0.51002,0.41525,0.4131,0.56156,0.43635,0.48469,0.0119,0.01028,0.00519,0.01202,0.07852,0.02015,0.02244,0.03389,0.00701,0.0111,-0.01019],[0.55291,0.4933,0.57189,0.51079,0.41046,0.55238,0.6689,0.45995,0.63716,0.41303,0.77771,0.40351,0.47601,0.36127,0.63164,0.35919,0.6726,0.34453,0.55407,0.43811,1,0.5081,0.49036,0.45909,0.67338,0.42493,0.4623,0.35438,0.35688,0.4871,0.58779,0.68168,0.47323,0.46195,0.55544,0.67341,0.68582,0.43911,0.47729,0.49179,0.44017,0.43319,0.42732,0.60091,0.50911,0.53149,0.57457,0.59153,0.71356,0.40183,0.47575,0.44721,0.72776,0.62688,0.53206,0.41757,0.52761,0.42801,0.5228,0.52552,0.41008,0.6262,0.36417,0.42946,0.42734,0.6619,0.46762,0.41426,0.50896,0.4011,0.66898,0.67887,0.58559,0.56137,0.69699,0.27965,0.47807,0.44168,0.61234,0.49184,0.37604,0.46038,0.51815,0.6644,0.59691,0.50116,0.54985,0.73737,0.49138,0.59369,0.60419,0.74451,0.48797,0.44213,0.43405,0.68986,0.47192,0.46149,0.40462,0.56129,0.0395,0.01667,0.01981,0.08856,0.02585,0.07195,0.01518,0.03089,0.03076,0.02799,0.02117],[0.52174,0.57104,0.4529,0.57076,0.64756,0.55232,0.53406,0.44498,0.61582,0.58759,0.54412,0.42829,0.65198,0.44309,0.52982,0.5367,0.473,0.56942,0.37024,0.43133,0.5081,1,0.69528,0.63431,0.48687,0.57352,0.43806,0.52308,0.44366,0.53419,0.57587,0.53046,0.52607,0.64117,0.47582,0.58653,0.60849,0.60123,0.64193,0.53949,0.43751,0.62432,0.42343,0.50522,0.46529,0.70321,0.57197,0.56342,0.44513,0.63075,0.76225,0.61517,0.56966,0.55242,0.57611,0.59662,0.61569,0.65905,0.55547,0.52182,0.47152,0.53376,0.35594,0.52373,0.56985,0.57395,0.64083,0.60525,0.55284,0.44446,0.58948,0.50778,0.68892,0.54489,0.64719,0.36965,0.60575,0.50275,0.47359,0.33097,0.39974,0.60198,0.43722,0.66865,0.52841,0.40392,0.57254,0.56066,0.68208,0.45086,0.78338,0.55179,0.46844,0.53992,0.58227,0.68113,0.49958,0.53817,0.38272,0.57061,0.02916,0.00394,0.00297,0.06331,0.00244,0.06835,0.02755,0.02027,0.02197,0.00831,-0.01029],[0.51883,0.58402,0.46407,0.64351,0.78845,0.5804,0.49019,0.56037,0.62768,0.60541,0.51345,0.58296,0.65673,0.45791,0.47846,0.61089,0.4092,0.5544,0.33645,0.4833,0.49036,0.69528,1,0.77205,0.4515,0.74761,0.44986,0.69151,0.45796,0.56722,0.5952,0.5166,0.60704,0.73075,0.50147,0.50203,0.56868,0.61138,0.81058,0.61656,0.4541,0.59849,0.45042,0.55852,0.59267,0.76706,0.56222,0.58247,0.41704,0.70964,0.70167,0.67755,0.53396,0.50375,0.61797,0.63519,0.59901,0.67993,0.65429,0.5038,0.4877,0.49593,0.35207,0.62374,0.50076,0.56775,0.70167,0.66488,0.67682,0.45846,0.56993,0.47881,0.57994,0.64118,0.6406,0.37488,0.54301,0.49596,0.40571,0.35193,0.45208,0.7126,0.35646,0.63629,0.55713,0.41434,0.61844,0.55211,0.73002,0.42219,0.73712,0.4866,0.55053,0.57455,0.62479,0.66295,0.59859,0.59955,0.40468,0.68886,0.01886,-0.00255,0.00903,0.05577,0.00824,0.04613,0.01282,0.02522,0.00947,0.00716,-0.01737],[0.49747,0.79193,0.48403,0.65918,0.84993,0.57326,0.57257,0.65562,0.64123,0.69357,0.53144,0.48331,0.79632,0.58256,0.51517,0.75763,0.43933,0.54681,0.33524,0.49966,0.45909,0.63431,0.77205,1,0.46238,0.69409,0.44522,0.65404,0.47648,0.72708,0.5922,0.62845,0.72742,0.73548,0.46219,0.4957,0.69741,0.54947,0.67605,0.8231,0.4028,0.6391,0.45999,0.55748,0.55603,0.75232,0.55626,0.60587,0.51357,0.7302,0.72159,0.60855,0.54065,0.65537,0.63163,0.561,0.52341,0.69656,0.65399,0.47615,0.47668,0.66656,0.38357,0.64767,0.59619,0.69514,0.84904,0.73344,0.69416,0.47254,0.74927,0.59982,0.59513,0.61971,0.65794,0.43991,0.62261,0.54574,0.53911,0.33852,0.44364,0.65501,0.41228,0.75386,0.58175,0.39811,0.726,0.59898,0.7342,0.37811,0.7174,0.51999,0.72331,0.74199,0.62153,0.66744,0.67752,0.62281,0.48008,0.66071,0.08055,0.00195,0.00436,0.03975,0.01297,0.03078,0.00337,0.01811,0.00196,0.00947,-0.016],[0.729,0.51598,0.70388,0.45083,0.41647,0.40906,0.60677,0.41973,0.61206,0.4232,0.71044,0.39012,0.46099,0.32029,0.64981,0.36942,0.71578,0.33127,0.59191,0.50532,0.67338,0.48687,0.4515,0.46238,1,0.41055,0.40954,0.32224,0.31211,0.47893,0.56555,0.65318,0.47904,0.45813,0.53753,0.66224,0.69376,0.39501,0.473,0.42037,0.49035,0.44632,0.41995,0.44284,0.43186,0.51052,0.56176,0.47311,0.61769,0.3765,0.41609,0.4115,0.684,0.61857,0.43503,0.35052,0.44225,0.43381,0.45153,0.57285,0.54369,0.62992,0.31914,0.41829,0.46544,0.68402,0.44658,0.39137,0.46767,0.35579,0.70449,0.65367,0.55371,0.45111,0.66703,0.27144,0.43904,0.41169,0.58856,0.49957,0.43875,0.44623,0.48785,0.68965,0.58782,0.45503,0.5013,0.64516,0.46216,0.62631,0.64984,0.73432,0.43412,0.41742,0.42635,0.67686,0.37049,0.3915,0.33403,0.47731,0.00826,0.01671,0.01166,0.0157,0.07151,0.01914,0.02457,0.01905,0.01569,0.01686,0.00503],[0.43951,0.53887,0.41971,0.54968,0.68336,0.51428,0.50098,0.46545,0.53433,0.49938,0.48155,0.48539,0.63905,0.45538,0.47656,0.52166,0.38095,0.44761,0.33619,0.42232,0.42493,0.57352,0.74761,0.69409,0.41055,1,0.45612,0.60914,0.34972,0.5078,0.54753,0.50068,0.49861,0.62342,0.43973,0.45251,0.54239,0.4895,0.74333,0.57634,0.44489,0.63277,0.45165,0.51073,0.57235,0.64417,0.54367,0.43602,0.36022,0.58171,0.56566,0.55958,0.45272,0.47807,0.45308,0.49625,0.46691,0.61298,0.50188,0.4149,0.41213,0.48097,0.35055,0.54324,0.48948,0.49828,0.66113,0.61016,0.49239,0.43048,0.52767,0.44336,0.53363,0.52608,0.51376,0.38429,0.44697,0.44836,0.42455,0.30472,0.39731,0.6539,0.33283,0.58435,0.49099,0.43938,0.61052,0.4353,0.60842,0.44417,0.5858,0.44083,0.49391,0.56032,0.58539,0.57047,0.61391,0.51116,0.38317,0.58873,0.05417,0.00607,0.00955,0.04706,0.0156,0.04436,0.0105,0.02671,0.0187,0.02043,0.00556],[0.43271,0.45144,0.49266,0.5345,0.43646,0.42816,0.38342,0.3555,0.44346,0.39503,0.43056,0.43939,0.47619,0.34876,0.38783,0.37578,0.43241,0.32661,0.40697,0.46729,0.4623,0.43806,0.44986,0.44522,0.40954,0.45612,1,0.335,0.38021,0.47423,0.52544,0.44366,0.45724,0.41298,0.51343,0.3866,0.40914,0.39248,0.50622,0.42315,0.43932,0.42277,0.67708,0.4961,0.36864,0.4624,0.43049,0.4207,0.42861,0.39212,0.46315,0.3459,0.43423,0.43193,0.47208,0.34123,0.44592,0.42877,0.44111,0.41993,0.44344,0.41455,0.27622,0.41374,0.51103,0.45432,0.47476,0.42764,0.38247,0.3219,0.43284,0.43867,0.38076,0.43709,0.49628,0.33652,0.37827,0.42051,0.41954,0.34608,0.55251,0.49843,0.36112,0.45529,0.4666,0.48687,0.46446,0.38292,0.50172,0.42665,0.46413,0.43671,0.47668,0.42152,0.42999,0.43047,0.42938,0.47274,0.44314,0.44582,0.02301,0.01062,0.01036,0.02606,0.0458,0.02141,0.02612,0.04878,0.01703,0.08792,0.00809],[0.36164,0.49434,0.3327,0.58529,0.64839,0.54049,0.35807,0.4897,0.52743,0.50945,0.38962,0.41616,0.53383,0.4415,0.37164,0.57509,0.2957,0.4785,0.24727,0.42138,0.35438,0.52308,0.69151,0.65404,0.32224,0.60914,0.335,1,0.44866,0.47289,0.44612,0.40922,0.53874,0.61325,0.37561,0.3812,0.45519,0.58254,0.62797,0.55605,0.3789,0.4567,0.34477,0.52516,0.50816,0.64417,0.468,0.47846,0.31048,0.56565,0.61186,0.56149,0.398,0.39214,0.47442,0.5318,0.58858,0.51157,0.52636,0.38398,0.36563,0.38206,0.35681,0.52702,0.40028,0.41775,0.57592,0.52552,0.63465,0.37868,0.44127,0.34832,0.45684,0.49634,0.4929,0.33114,0.49339,0.40382,0.30776,0.24053,0.37393,0.57935,0.25248,0.50691,0.4311,0.30863,0.51774,0.43179,0.61238,0.31839,0.57102,0.35015,0.52083,0.50089,0.57262,0.5028,0.50977,0.52254,0.44702,0.54831,0.03143,0.00915,0.02738,0.05894,0.02871,0.04026,0.01554,0.02656,0.03579,0.00818,0.00397],[0.3558,0.42404,0.39442,0.70657,0.39667,0.53176,0.32259,0.41584,0.3806,0.43699,0.32935,0.46475,0.4467,0.38892,0.3199,0.51329,0.26131,0.49807,0.25094,0.45382,0.35688,0.44366,0.45796,0.47648,0.31211,0.34972,0.38021,0.44866,1,0.43051,0.3391,0.36228,0.4615,0.49797,0.42412,0.32578,0.3165,0.56133,0.40163,0.44452,0.31033,0.29516,0.37866,0.46424,0.43995,0.49584,0.36978,0.40801,0.31484,0.40074,0.50391,0.41752,0.33437,0.34053,0.54619,0.45275,0.48749,0.445,0.59346,0.34351,0.33804,0.37412,0.23886,0.49132,0.46492,0.37282,0.43483,0.52283,0.40217,0.3343,0.36141,0.32411,0.42642,0.50735,0.46222,0.37833,0.47606,0.41982,0.26208,0.23441,0.37519,0.44887,0.31296,0.38923,0.46509,0.33586,0.40585,0.37273,0.52822,0.24963,0.44785,0.36235,0.48985,0.46191,0.58681,0.40812,0.38164,0.6641,0.56188,0.43522,-0.00025,-0.00309,-0.00958,0.06075,0.00707,0.05248,0.00598,0.02785,-0.0232,-0.00318,0.00607],[0.47719,0.76232,0.52362,0.60961,0.63269,0.54737,0.52506,0.56166,0.57343,0.65247,0.5641,0.4243,0.72791,0.52014,0.48979,0.58453,0.42428,0.4216,0.37467,0.516,0.4871,0.53419,0.56722,0.72708,0.47893,0.5078,0.47423,0.47289,0.43051,1,0.51432,0.63804,0.71169,0.57902,0.5249,0.49166,0.62154,0.40103,0.51402,0.67252,0.31873,0.53232,0.51451,0.57291,0.48219,0.60199,0.50881,0.58445,0.5297,0.4824,0.62578,0.46529,0.5749,0.6614,0.59916,0.50715,0.54451,0.52556,0.53614,0.42598,0.50684,0.68906,0.31707,0.49591,0.6121,0.64294,0.73162,0.5466,0.61921,0.41773,0.68996,0.6282,0.5193,0.50185,0.65568,0.50445,0.65347,0.66062,0.57729,0.3692,0.44837,0.60023,0.43556,0.66396,0.55107,0.43219,0.62663,0.58328,0.62163,0.38418,0.61739,0.56155,0.67989,0.6419,0.53584,0.58609,0.585,0.55686,0.48013,0.53897,0.07582,0.01106,-0.00071,0.04626,0.02195,0.03599,0.01506,0.02002,0.00849,0.00907,-0.00909],[0.54167,0.55164,0.56128,0.52898,0.58977,0.51804,0.6015,0.4911,0.57398,0.49226,0.64981,0.39647,0.57343,0.38816,0.61223,0.43485,0.63444,0.43115,0.48392,0.42646,0.58779,0.57587,0.5952,0.5922,0.56555,0.54753,0.52544,0.44612,0.3391,0.51432,1,0.6539,0.55054,0.53465,0.5181,0.6188,0.66647,0.48297,0.57802,0.56851,0.56352,0.49796,0.5342,0.46591,0.47308,0.61549,0.59444,0.55924,0.61604,0.49188,0.55541,0.51541,0.66155,0.65649,0.52442,0.43152,0.49849,0.53699,0.54018,0.50729,0.49362,0.64103,0.33798,0.48061,0.50644,0.66663,0.57747,0.51037,0.52835,0.44958,0.68829,0.63802,0.59807,0.5233,0.69082,0.27419,0.49055,0.43202,0.65147,0.4896,0.45979,0.58875,0.47694,0.71234,0.61603,0.43945,0.63581,0.65206,0.61347,0.51257,0.64027,0.64138,0.51971,0.49041,0.48738,0.71262,0.51084,0.48822,0.38287,0.58321,0.01807,0.01508,0.0226,0.02957,0.05337,0.03971,0.02634,0.02432,0.11878,0.08206,-0.00335],[0.57043,0.63025,0.62628,0.53349,0.57284,0.50655,0.74936,0.54624,0.60916,0.58607,0.80185,0.40637,0.61931,0.50621,0.71008,0.45512,0.63461,0.41498,0.5629,0.46691,0.68168,0.53046,0.5166,0.62844,0.65318,0.50068,0.44366,0.40922,0.36228,0.63804,0.6539,1,0.5513,0.49893,0.6117,0.7534,0.79431,0.43035,0.47807,0.59782,0.46886,0.56931,0.45652,0.53014,0.51644,0.60382,0.65846,0.55225,0.69108,0.44632,0.52191,0.50993,0.72595,0.79461,0.55465,0.45095,0.51093,0.51484,0.53037,0.51568,0.42592,0.82312,0.3374,0.51669,0.59529,0.75516,0.60778,0.52578,0.54851,0.48927,0.80198,0.79884,0.66751,0.58754,0.75595,0.39795,0.52148,0.49014,0.72659,0.53312,0.39111,0.52057,0.58239,0.80536,0.65589,0.49323,0.66809,0.74664,0.5334,0.58329,0.63118,0.76423,0.64593,0.5866,0.49972,0.75575,0.57989,0.51444,0.41809,0.57888,0.09471,0.00608,0.00063,0.05556,0.01405,0.04921,0.02138,0.02134,0.02045,0.00528,0.02837],[0.44389,0.74873,0.53045,0.67087,0.62384,0.59445,0.46344,0.60997,0.63833,0.56463,0.54787,0.49405,0.64611,0.46635,0.55878,0.57507,0.43916,0.48304,0.3642,0.53916,0.47323,0.52607,0.60704,0.72742,0.47904,0.49861,0.45724,0.53874,0.4615,0.71169,0.55054,0.5513,1,0.6373,0.4705,0.45926,0.57708,0.46937,0.54666,0.71804,0.32941,0.44853,0.52431,0.59495,0.47673,0.68411,0.49187,0.61744,0.48987,0.63806,0.62537,0.48094,0.5835,0.56096,0.64093,0.47341,0.46319,0.54275,0.60741,0.44017,0.44857,0.59984,0.32551,0.51096,0.53275,0.57485,0.67922,0.49806,0.71543,0.42736,0.64059,0.51509,0.53624,0.57457,0.69987,0.41896,0.67116,0.52818,0.49409,0.33404,0.44748,0.59749,0.37167,0.6209,0.60611,0.40146,0.62522,0.60011,0.66729,0.3603,0.63353,0.60338,0.7176,0.66149,0.59888,0.59402,0.56351,0.6557,0.4873,0.57307,0.00805,-0.00272,0.0761,0.05793,0.01015,0.03157,0.00643,0.0166,0.00295,0.01136,-0.00917],[0.47413,0.61961,0.44938,0.64907,0.71537,0.53252,0.47512,0.53476,0.57636,0.62833,0.53716,0.45043,0.65835,0.42144,0.48227,0.59709,0.39139,0.57086,0.33044,0.47738,0.46195,0.64117,0.73075,0.73548,0.45813,0.62342,0.41298,0.61325,0.49797,0.57902,0.53465,0.49893,0.6373,1,0.48694,0.44726,0.53809,0.54631,0.69393,0.66561,0.37642,0.5174,0.4508,0.51546,0.53492,0.71153,0.51338,0.61168,0.39439,0.65293,0.69459,0.57639,0.48422,0.50022,0.60079,0.62519,0.54232,0.5448,0.62583,0.4624,0.47504,0.52266,0.32521,0.56441,0.48628,0.5467,0.69482,0.55352,0.639,0.50822,0.56854,0.44849,0.57722,0.65562,0.60578,0.36612,0.62676,0.49705,0.41569,0.32315,0.38365,0.6497,0.38896,0.61756,0.49165,0.41798,0.57693,0.54194,0.71236,0.37565,0.74475,0.47393,0.56243,0.61193,0.64609,0.64125,0.56022,0.63496,0.40471,0.65603,0.02161,-0.004,-0.00174,0.06184,0.01015,0.03618,0.01176,0.01895,0.00609,0.00989,0.00896],[0.49443,0.53837,0.57913,0.57037,0.44911,0.41477,0.49225,0.45106,0.49882,0.46763,0.60458,0.44086,0.54402,0.33841,0.55253,0.39293,0.42857,0.35352,0.49387,0.5767,0.55544,0.47582,0.50147,0.46219,0.53753,0.43973,0.51343,0.37561,0.42412,0.5249,0.5181,0.6117,0.4705,0.48694,1,0.56547,0.50156,0.43142,0.54148,0.4758,0.33399,0.46243,0.48156,0.55999,0.49084,0.51546,0.45875,0.47583,0.55193,0.38124,0.5133,0.40772,0.5767,0.5931,0.52772,0.41097,0.48164,0.45294,0.49397,0.43422,0.44496,0.56445,0.25732,0.47494,0.57857,0.57311,0.50998,0.40271,0.49334,0.38146,0.56883,0.58882,0.45948,0.5516,0.61205,0.38942,0.52097,0.48617,0.50356,0.47628,0.44201,0.50344,0.47325,0.56985,0.57089,0.54556,0.55878,0.54065,0.5796,0.54705,0.55857,0.54336,0.48499,0.48653,0.47759,0.57199,0.42953,0.47821,0.46089,0.51991,0.01706,0.00377,0.00346,0.07693,0.00858,0.04696,0.03989,0.01385,0.00518,0.0082,0.01582],[0.55239,0.56667,0.58796,0.48928,0.46736,0.49198,0.68515,0.45913,0.62099,0.49286,0.74535,0.39438,0.53849,0.40462,0.67469,0.38965,0.62406,0.39818,0.52711,0.41101,0.67341,0.58653,0.50203,0.4957,0.66224,0.45251,0.3866,0.3812,0.32578,0.49166,0.6188,0.7534,0.45926,0.44726,0.56547,1,0.73313,0.48521,0.48965,0.45971,0.45629,0.51176,0.41958,0.47397,0.50621,0.56572,0.60936,0.52758,0.67008,0.4015,0.49934,0.55512,0.72312,0.70132,0.49735,0.41821,0.53781,0.50925,0.50221,0.51428,0.40906,0.68815,0.33778,0.43927,0.5303,0.68671,0.50313,0.46719,0.54947,0.46574,0.70755,0.7202,0.67461,0.51088,0.73102,0.37847,0.51781,0.46446,0.6777,0.50299,0.36385,0.49701,0.53964,0.73396,0.63725,0.44865,0.55565,0.69792,0.51864,0.56469,0.64248,0.70784,0.4956,0.46878,0.45196,0.7282,0.4384,0.43993,0.36597,0.53174,0.05931,0.00678,0.01081,0.06655,0.01578,0.08281,0.02859,0.02018,0.03675,0.0087,0.02194],[0.56258,0.72068,0.57181,0.4777,0.64496,0.48647,0.76141,0.53838,0.72386,0.59782,0.76427,0.3463,0.66991,0.47621,0.69073,0.49656,0.69571,0.43819,0.53263,0.43027,0.68582,0.60849,0.56868,0.69741,0.69376,0.54239,0.40914,0.45519,0.3165,0.62154,0.66647,0.79431,0.57708,0.53809,0.50156,0.73313,1,0.45401,0.52547,0.63118,0.46412,0.57538,0.40531,0.47695,0.46416,0.63747,0.64566,0.55469,0.70664,0.5036,0.55302,0.50208,0.7635,0.78866,0.50921,0.40546,0.51063,0.57298,0.49938,0.4771,0.45142,0.80401,0.42239,0.48222,0.54802,0.79819,0.65265,0.56349,0.5745,0.44665,0.8977,0.77305,0.69873,0.49954,0.79959,0.36087,0.54293,0.48981,0.73275,0.48442,0.35781,0.54008,0.54786,0.89962,0.6083,0.43576,0.70507,0.78897,0.56234,0.5752,0.73854,0.7575,0.58335,0.60859,0.46315,0.81935,0.54092,0.46469,0.36043,0.54651,0.07969,0.0055,0,0.03796,0.00941,0.04205,0.01915,0.01095,0.02342,0.01466,0.01139],[0.42285,0.46959,0.38381,0.60473,0.5265,0.55852,0.38217,0.45944,0.50885,0.4792,0.42472,0.49807,0.47416,0.49509,0.39562,0.47135,0.37332,0.67194,0.28811,0.46347,0.43911,0.60123,0.61138,0.54947,0.39501,0.4895,0.39248,0.58254,0.56133,0.40103,0.48297,0.43035,0.46937,0.54631,0.43142,0.48521,0.45401,1,0.51123,0.49179,0.42392,0.41659,0.3625,0.46835,0.47551,0.56229,0.51474,0.501,0.38851,0.49722,0.63178,0.4908,0.43511,0.41596,0.55726,0.49704,0.61179,0.4627,0.56959,0.46025,0.37227,0.3959,0.33807,0.59031,0.44505,0.43875,0.5112,0.53311,0.5654,0.39128,0.456,0.39465,0.52053,0.56073,0.52387,0.41103,0.51004,0.445,0.36929,0.28048,0.38484,0.48465,0.36244,0.49698,0.44128,0.36215,0.5253,0.4837,0.58533,0.34191,0.55772,0.39474,0.50348,0.47402,0.54809,0.51009,0.47077,0.56633,0.42107,0.55776,0.00708,0.0043,-0.00253,0.06087,0.00037,0.06216,0.01166,0.01662,0.0042,-0.00077,0.01398],[0.54515,0.55092,0.46381,0.61541,0.69913,0.49866,0.45588,0.4731,0.62378,0.57135,0.49211,0.56107,0.62711,0.41599,0.49534,0.60628,0.38686,0.44671,0.36779,0.4647,0.47729,0.64193,0.81058,0.67605,0.473,0.74333,0.50622,0.62797,0.40163,0.51402,0.57802,0.47807,0.54666,0.69393,0.54148,0.48965,0.52547,0.51123,1,0.53622,0.44288,0.66567,0.47237,0.56667,0.56495,0.68647,0.53445,0.48903,0.40168,0.60268,0.62377,0.60603,0.52065,0.4726,0.54345,0.55596,0.59018,0.6984,0.5962,0.489,0.54278,0.46486,0.36747,0.55749,0.54685,0.54766,0.6709,0.6271,0.6015,0.41121,0.53253,0.45818,0.51703,0.57183,0.58404,0.34579,0.50025,0.45478,0.41767,0.35896,0.46557,0.75625,0.32047,0.60404,0.55194,0.44405,0.57021,0.4629,0.69879,0.46684,0.7124,0.47518,0.4739,0.52856,0.59245,0.60331,0.55963,0.52136,0.37523,0.61649,0.02832,0.00187,0.02663,0.06336,0.01119,0.04975,0.01518,0.01809,0.01992,0.02247,0.0048],[0.42041,0.74571,0.44568,0.60941,0.71509,0.58414,0.5307,0.62782,0.52278,0.62485,0.55356,0.41359,0.70353,0.53583,0.48446,0.63861,0.42556,0.50498,0.33643,0.51147,0.49179,0.53949,0.61656,0.8231,0.42037,0.57634,0.42315,0.55605,0.44452,0.67252,0.56851,0.59782,0.71804,0.66561,0.4758,0.45971,0.63118,0.49179,0.53622,1,0.34969,0.51576,0.43563,0.54226,0.4864,0.6692,0.47676,0.6403,0.54927,0.61945,0.64774,0.512,0.48833,0.61009,0.58436,0.479,0.45255,0.55826,0.59858,0.44692,0.40941,0.64227,0.33224,0.57752,0.5025,0.62241,0.75038,0.60166,0.5952,0.44587,0.70002,0.53704,0.53444,0.56632,0.62807,0.4073,0.61122,0.51154,0.53061,0.34907,0.39677,0.56438,0.40364,0.66533,0.51117,0.39246,0.73791,0.58282,0.66039,0.37633,0.60545,0.49394,0.70696,0.68132,0.56829,0.59983,0.67664,0.56586,0.47436,0.62889,0.0736,0.00564,0.01134,0.04694,0.01852,0.04441,0.00566,0.01981,0.00854,0.0338,-0.01034],[0.50839,0.32866,0.43296,0.34769,0.39093,0.40341,0.43011,0.36482,0.43346,0.40288,0.4249,0.33053,0.35135,0.39544,0.41779,0.35592,0.61317,0.36134,0.39743,0.35672,0.44017,0.43751,0.4541,0.4028,0.49035,0.44489,0.43932,0.3789,0.31033,0.31873,0.56352,0.46886,0.32941,0.37642,0.33399,0.45629,0.46412,0.42392,0.44288,0.34969,1,0.40309,0.44788,0.34285,0.3449,0.46023,0.51296,0.33214,0.36753,0.40792,0.38598,0.40639,0.42858,0.41259,0.33639,0.36917,0.4729,0.42181,0.36125,0.51606,0.39685,0.38208,0.33312,0.42927,0.36209,0.43854,0.38115,0.43793,0.35532,0.31292,0.42415,0.41254,0.42701,0.43376,0.41853,0.32603,0.28756,0.29736,0.3586,0.3675,0.34665,0.41809,0.33982,0.47229,0.43588,0.35945,0.41569,0.40241,0.42828,0.48563,0.46688,0.45779,0.34583,0.30883,0.32761,0.45064,0.37457,0.32383,0.29355,0.34975,-0.00682,0.00804,0.00471,0.00233,0.05859,0.02469,0.02847,0.04299,0.05064,0.0539,0.02295],[0.48336,0.57434,0.39167,0.50037,0.63584,0.40692,0.53857,0.39597,0.51276,0.58576,0.49246,0.41606,0.63172,0.44994,0.5149,0.54175,0.3564,0.35436,0