{"model":"multimodalembedding@001","docs":[{"type":"image","name":"Ahn Hyo-Seop.jpg"},{"type":"image","name":"Ahn So-hee.jpg"},{"type":"image","name":"Ali Liebert.jpg"},{"type":"image","name":"Angeli Khang.jpg"},{"type":"image","name":"Bae Doona.jpg"},{"type":"image","name":"Byeon Woo-seok.jpg"},{"type":"image","name":"Cha Eun-woo.jpg"},{"type":"image","name":"Chae Soo-bin.jpg"},{"type":"image","name":"Cho Yeo-jeong.jpg"},{"type":"image","name":"Choi Woo-shik.jpg"},{"type":"image","name":"Dalpalan.jpg"},{"type":"image","name":"Fan Bingbing.jpg"},{"type":"image","name":"Go Kyung-pyo.jpg"},{"type":"image","name":"Han Hyo-joo.jpg"},{"type":"image","name":"Han Seo-ah.jpg"},{"type":"image","name":"Han So-hee.jpg"},{"type":"image","name":"Heo Sung-tae.jpg"},{"type":"image","name":"IU.jpg"},{"type":"image","name":"Jang Gwang.jpg"},{"type":"image","name":"Jennie Kim.jpg"},{"type":"image","name":"Jeon Bae-soo.jpg"},{"type":"image","name":"Jeong Yoo-jin.jpg"},{"type":"image","name":"Ji Chang-wook.jpg"},{"type":"image","name":"Ji Eun-seo.jpg"},{"type":"image","name":"Jun Ji-hyun.jpg"},{"type":"image","name":"Jung So-min.jpg"},{"type":"image","name":"Jung Suk-won.jpg"},{"type":"image","name":"Jung Woo-sung.jpg"},{"type":"image","name":"Kang Eun-hye.jpg"},{"type":"image","name":"Kang Ha-neul.jpg"},{"type":"image","name":"Kang Tae-oh.jpg"},{"type":"image","name":"Kim Bum.jpg"},{"type":"image","name":"Kim Do-hee.jpg"},{"type":"image","name":"Kim Go-eun.jpg"},{"type":"image","name":"Kim Hee-jeong.jpg"},{"type":"image","name":"Kim Jae-young.jpg"},{"type":"image","name":"Kim Min-gue.jpg"},{"type":"image","name":"Kim Min-ki.jpg"},{"type":"image","name":"Kim Roi-ha.jpg"},{"type":"image","name":"Kim Se-jeong.jpg"},{"type":"image","name":"Kim Si-a.jpg"},{"type":"image","name":"Kim So-hyun.jpg"},{"type":"image","name":"Kim Soo-ji.jpg"},{"type":"image","name":"Kim Tae-hyung.jpg"},{"type":"image","name":"Kim Tae-ri.jpg"},{"type":"image","name":"Kim Yoo-yeon.jpg"},{"type":"image","name":"Kim You-jung.jpg"},{"type":"image","name":"Kim Young-kwang.jpg"},{"type":"image","name":"Kwak Dong-yeon.jpg"},{"type":"image","name":"Lee Byung-hun.jpg"},{"type":"image","name":"Lee Eun-mi.jpg"},{"type":"image","name":"Lee Jong-suk.jpg"},{"type":"image","name":"Lee Joon-gi.jpg"},{"type":"image","name":"Lee Joo-young.jpg"},{"type":"image","name":"Lee Min-ho.jpg"},{"type":"image","name":"Lee Si-woo.jpg"},{"type":"image","name":"Lim Ji-yeon.jpg"},{"type":"image","name":"Ma Dong-seok.jpg"},{"type":"image","name":"Min Do-yoon.jpg"},{"type":"image","name":"Nancy Jewel McDonie.jpg"},{"type":"image","name":"Oh Jung-se.jpg"},{"type":"image","name":"Oh Yeon-seo.jpg"},{"type":"image","name":"Park Byung-eun.jpg"},{"type":"image","name":"Park Cho-hyeon.jpg"},{"type":"image","name":"Park Eun-bin.jpg"},{"type":"image","name":"Park Gyu-young.jpg"},{"type":"image","name":"Park Hee-soon.jpg"},{"type":"image","name":"Park Hyun-jung.jpg"},{"type":"image","name":"Park So-jin.jpg"},{"type":"image","name":"Randall Park.jpg"},{"type":"image","name":"Rika.jpg"},{"type":"image","name":"Rowoon.jpg"},{"type":"image","name":"Sae Bom.jpg"},{"type":"image","name":"Seo In-guk.jpg"},{"type":"image","name":"Seo Won.jpg"},{"type":"image","name":"Seung Ha.jpg"},{"type":"image","name":"Shin Hyun-bin.jpg"},{"type":"image","name":"Shin Se-kyung.jpg"},{"type":"image","name":"Shin Yu-ju.jpg"},{"type":"image","name":"Son Ye-jin.jpg"},{"type":"image","name":"Song Hye-kyo.jpg"},{"type":"image","name":"Song Ji-hyo.jpg"},{"type":"image","name":"Song Joong-ki.jpg"},{"type":"image","name":"Song Kang.jpg"},{"type":"image","name":"Song Kang-ho.jpg"},{"type":"image","name":"Steven Yeun.jpg"},{"type":"image","name":"Wang Yibo.jpg"},{"type":"image","name":"Will Yun Lee.jpg"},{"type":"image","name":"Yeom Hye-ran.jpg"},{"type":"image","name":"Yoo In-young.jpg"},{"type":"image","name":"Yoo Jung.jpg"},{"type":"image","name":"Yoon Byung-hee.jpg"},{"type":"image","name":"Yoon Se-na.jpg"},{"type":"image","name":"Yoon Yool.jpg"},{"type":"image","name":"Yoon Yoo-sun.jpg"},{"type":"image","name":"Yoona.jpg"},{"type":"text","name":"Actor"},{"type":"text","name":"Actress"},{"type":"text","name":"Happy"},{"type":"text","name":"Sad"},{"type":"text","name":"Old"},{"type":"text","name":"Young"},{"type":"text","name":"Casual"},{"type":"text","name":"Formal"}],"similarity":[[1,0.50809,0.4357,0.56273,0.56769,0.65118,0.55985,0.60293,0.51301,0.68981,0.57454,0.41992,0.69168,0.61308,0.53472,0.59824,0.57077,0.508,0.54631,0.51002,0.63266,0.44045,0.61091,0.43661,0.50813,0.61281,0.53151,0.60698,0.63045,0.7164,0.70198,0.67225,0.50394,0.61054,0.49865,0.74007,0.76166,0.71687,0.55881,0.45682,0.59926,0.59219,0.50122,0.50204,0.55517,0.49568,0.50404,0.68135,0.71418,0.50915,0.45519,0.63517,0.73668,0.56354,0.55947,0.44049,0.5165,0.56434,0.69547,0.49949,0.65139,0.55326,0.68749,0.51534,0.59455,0.58564,0.55256,0.50811,0.61772,0.53123,0.54847,0.74479,0.51205,0.65245,0.48948,0.4138,0.6044,0.55028,0.64006,0.52024,0.5272,0.49866,0.56023,0.73919,0.56844,0.56303,0.66169,0.48758,0.58868,0.52151,0.48764,0.54823,0.56575,0.5522,0.51313,0.50658,0.11728,0.08084,0.04934,0.03909,0.03237,0.05764,0.02898,0.03888],[0.50809,1,0.50807,0.66661,0.62981,0.54698,0.37566,0.73369,0.60674,0.57768,0.51678,0.49232,0.61015,0.58107,0.75641,0.57791,0.54476,0.4602,0.57323,0.53837,0.61041,0.60364,0.56671,0.6296,0.54968,0.56987,0.57763,0.49414,0.63622,0.52954,0.63252,0.50465,0.64642,0.54528,0.65826,0.50387,0.57938,0.51054,0.70271,0.52279,0.69803,0.61596,0.71221,0.40016,0.59549,0.54397,0.6516,0.61568,0.56584,0.52723,0.54705,0.43395,0.47848,0.58916,0.58817,0.50313,0.57379,0.568,0.5996,0.62872,0.6267,0.70307,0.56193,0.62036,0.74357,0.6188,0.54209,0.69444,0.6277,0.47895,0.72555,0.53774,0.64117,0.5868,0.65133,0.5094,0.60576,0.52692,0.69008,0.56325,0.52547,0.56613,0.59249,0.55945,0.52903,0.55465,0.50077,0.41293,0.66435,0.64942,0.74469,0.52571,0.70675,0.70067,0.66657,0.55562,0.10448,0.1183,0.0557,0.0699,0.05071,0.08641,0.04219,0.01933],[0.4357,0.50807,1,0.49903,0.55929,0.4736,0.41045,0.54862,0.53014,0.4731,0.49791,0.43848,0.52794,0.46378,0.44876,0.5063,0.44457,0.43685,0.40294,0.47332,0.51061,0.51804,0.48293,0.50539,0.46286,0.54419,0.39414,0.50931,0.46856,0.45569,0.50156,0.39775,0.48281,0.45726,0.50859,0.44886,0.51239,0.47301,0.48478,0.4455,0.51186,0.55223,0.42678,0.42367,0.48979,0.46688,0.53381,0.49744,0.52752,0.49266,0.46352,0.44497,0.42497,0.45119,0.50214,0.44401,0.51409,0.51045,0.46041,0.49744,0.53628,0.53935,0.49002,0.4444,0.54001,0.55883,0.46234,0.39972,0.52568,0.53027,0.54667,0.47245,0.55716,0.57191,0.50486,0.43647,0.43458,0.50592,0.56156,0.4397,0.46984,0.50583,0.49886,0.47419,0.47865,0.61312,0.48743,0.45364,0.5227,0.51322,0.48999,0.38949,0.60573,0.54591,0.52201,0.47392,0.11263,0.10895,0.03429,0.02937,0.03831,0.06087,0.05345,0.02756],[0.56273,0.66661,0.49903,1,0.61845,0.5288,0.44612,0.57861,0.59868,0.52886,0.55296,0.54536,0.54756,0.58961,0.64133,0.63056,0.50151,0.54192,0.54462,0.6081,0.54162,0.57191,0.51717,0.54254,0.58605,0.52608,0.47451,0.50723,0.59112,0.55369,0.61706,0.53769,0.6274,0.53591,0.59978,0.50474,0.56433,0.48534,0.58368,0.5815,0.76473,0.61566,0.527,0.46974,0.60891,0.48613,0.59899,0.54196,0.57567,0.54857,0.50323,0.48291,0.52615,0.54324,0.53903,0.50225,0.55783,0.55224,0.60281,0.63584,0.57512,0.58605,0.51621,0.61275,0.6269,0.59467,0.4771,0.61102,0.61943,0.52444,0.68744,0.53081,0.63602,0.59437,0.5663,0.49838,0.62959,0.55063,0.67278,0.57225,0.53821,0.54944,0.56643,0.60836,0.49747,0.56613,0.56518,0.47835,0.579,0.62915,0.68129,0.48683,0.68443,0.662,0.57913,0.50814,0.09425,0.09996,0.05898,0.07566,0.06257,0.09388,0.04629,0.03886],[0.56769,0.62981,0.55929,0.61845,1,0.61215,0.4792,0.67279,0.69042,0.63539,0.62789,0.56106,0.69509,0.66418,0.59807,0.65854,0.56971,0.54822,0.58443,0.60301,0.67015,0.61165,0.5726,0.6241,0.66217,0.72389,0.57299,0.61102,0.67522,0.56396,0.68802,0.53564,0.61589,0.68119,0.62239,0.62215,0.65416,0.63368,0.60218,0.56277,0.76385,0.6874,0.61401,0.47522,0.77273,0.63491,0.61117,0.63885,0.60984,0.60791,0.63084,0.56599,0.64953,0.71923,0.54558,0.58626,0.70432,0.62392,0.58311,0.6322,0.65292,0.68342,0.63697,0.61983,0.65508,0.76646,0.57083,0.55471,0.70465,0.52305,0.64545,0.59031,0.71581,0.6625,0.64421,0.57815,0.62864,0.6029,0.76112,0.59572,0.66788,0.67371,0.5478,0.55333,0.59693,0.58782,0.61099,0.48697,0.68495,0.63705,0.6047,0.53579,0.75805,0.7107,0.71781,0.66179,0.10804,0.11572,0.03418,0.04434,0.04828,0.06461,0.03207,0.02896],[0.65118,0.54698,0.4736,0.5288,0.61215,1,0.62996,0.62478,0.5835,0.74728,0.60467,0.47166,0.80169,0.63018,0.58057,0.59648,0.66898,0.51604,0.64972,0.5339,0.72792,0.50472,0.58262,0.4805,0.54929,0.61789,0.57566,0.6565,0.62629,0.63055,0.78956,0.52831,0.47437,0.63019,0.58775,0.84976,0.83075,0.76778,0.58602,0.53226,0.66488,0.66381,0.52157,0.48155,0.62086,0.51638,0.54397,0.69952,0.85636,0.61938,0.464,0.76259,0.60918,0.58889,0.58474,0.54949,0.57172,0.65844,0.73822,0.57539,0.71845,0.62913,0.65624,0.54422,0.57022,0.65437,0.6108,0.51394,0.63346,0.55184,0.58589,0.83851,0.58412,0.85237,0.5439,0.51628,0.58441,0.57412,0.66986,0.52684,0.48728,0.55353,0.58599,0.73638,0.68245,0.59789,0.78434,0.51057,0.65425,0.5666,0.52069,0.56361,0.62076,0.60855,0.66064,0.53131,0.12317,0.09013,0.04221,0.04389,0.04436,0.06911,0.03748,0.02901],[0.55985,0.37566,0.41045,0.44612,0.4792,0.62996,1,0.44482,0.4438,0.60948,0.48929,0.48541,0.59232,0.51733,0.4668,0.5348,0.51097,0.5144,0.46683,0.44634,0.52713,0.53965,0.54062,0.37215,0.49456,0.4946,0.5204,0.54043,0.45664,0.58533,0.60951,0.47606,0.42687,0.49909,0.57799,0.60547,0.65497,0.68051,0.41148,0.50327,0.49311,0.51038,0.40104,0.52071,0.50706,0.57556,0.45114,0.5915,0.61504,0.50519,0.39208,0.68508,0.56748,0.48129,0.54311,0.38226,0.40606,0.54366,0.54801,0.45559,0.55751,0.45937,0.55801,0.41592,0.44922,0.51406,0.45873,0.38094,0.50784,0.4375,0.52862,0.67207,0.46871,0.62193,0.46481,0.59086,0.43866,0.48442,0.49894,0.42989,0.4691,0.4707,0.51792,0.65584,0.61441,0.4524,0.63154,0.4707,0.45397,0.45611,0.45081,0.41508,0.56347,0.57567,0.4753,0.47556,0.0713,0.04663,0.03963,0.03945,0.03344,0.05517,0.02269,0.05911],[0.60293,0.73369,0.54862,0.57861,0.67279,0.62478,0.44482,1,0.65299,0.64814,0.50393,0.50622,0.65793,0.61555,0.57373,0.67948,0.5464,0.49513,0.60956,0.60013,0.62146,0.61003,0.69307,0.67258,0.59608,0.70051,0.62322,0.54393,0.70775,0.61076,0.71119,0.52539,0.61052,0.69963,0.59532,0.6166,0.66303,0.61961,0.68467,0.51825,0.75488,0.72793,0.63977,0.36697,0.6616,0.58279,0.75479,0.73416,0.63005,0.53125,0.58269,0.52924,0.57331,0.67065,0.6451,0.54816,0.58447,0.56584,0.57141,0.62091,0.63634,0.79847,0.60297,0.63918,0.84771,0.69246,0.55011,0.64106,0.66735,0.49854,0.56223,0.62622,0.62012,0.59572,0.63833,0.55387,0.64844,0.62266,0.73313,0.66525,0.59279,0.58206,0.67631,0.62202,0.57148,0.58706,0.53578,0.42868,0.70832,0.76817,0.54618,0.5438,0.73079,0.61648,0.69595,0.63571,0.09722,0.11214,0.05228,0.03256,0.03832,0.07319,0.03647,0.0189],[0.51301,0.60674,0.53014,0.59868,0.69042,0.5835,0.4438,0.65299,1,0.59922,0.57191,0.55015,0.68239,0.69823,0.57201,0.71163,0.61863,0.53098,0.63693,0.56244,0.64983,0.71015,0.51102,0.55542,0.66434,0.64832,0.57105,0.66528,0.68409,0.5739,0.65599,0.56372,0.56784,0.60112,0.5999,0.59812,0.61804,0.58928,0.59413,0.60085,0.73282,0.70739,0.72126,0.42488,0.75633,0.61588,0.58699,0.59836,0.62205,0.70083,0.57943,0.52129,0.61661,0.56332,0.5036,0.52052,0.78083,0.62988,0.62933,0.61014,0.6759,0.6412,0.6678,0.61348,0.59517,0.74442,0.61828,0.6473,0.72944,0.5499,0.58934,0.61452,0.57468,0.64715,0.64266,0.54603,0.72381,0.66794,0.76758,0.76561,0.61945,0.8228,0.52861,0.54988,0.61923,0.56938,0.53835,0.52995,0.75128,0.57739,0.56373,0.53628,0.69458,0.63861,0.76978,0.69351,0.08886,0.1077,0.04821,0.03965,0.04502,0.06559,0.03444,0.02873],[0.68981,0.57768,0.4731,0.52886,0.63539,0.74728,0.60948,0.64814,0.59922,1,0.60589,0.42957,0.7849,0.58989,0.55475,0.5518,0.7159,0.48363,0.66016,0.52398,0.73301,0.52652,0.63516,0.50107,0.52343,0.57896,0.69816,0.65409,0.61022,0.64287,0.79384,0.59262,0.49492,0.64299,0.56167,0.81229,0.79871,0.80991,0.62527,0.48657,0.6658,0.60418,0.53497,0.45786,0.59226,0.54901,0.56564,0.74205,0.72526,0.63759,0.45729,0.67963,0.61336,0.55571,0.60351,0.46108,0.54692,0.66412,0.7229,0.49337,0.78153,0.62429,0.75019,0.53606,0.62328,0.63571,0.64885,0.51163,0.62204,0.57892,0.5447,0.72765,0.55528,0.76908,0.53357,0.52266,0.56074,0.50242,0.67461,0.52286,0.48379,0.54839,0.64249,0.67357,0.66044,0.61704,0.68274,0.5211,0.67265,0.55046,0.52635,0.6236,0.6657,0.6031,0.63053,0.51066,0.10619,0.07385,0.06366,0.04176,0.04211,0.07373,0.04181,0.01847],[0.57454,0.51678,0.49791,0.55296,0.62789,0.60467,0.48929,0.50393,0.57191,0.60589,1,0.42833,0.69688,0.55043,0.5294,0.52892,0.67873,0.48478,0.66856,0.4672,0.75953,0.53292,0.49769,0.4609,0.52732,0.54945,0.63357,0.71314,0.53099,0.60011,0.66872,0.59157,0.50171,0.53652,0.57288,0.63307,0.646,0.56228,0.6608,0.48358,0.58364,0.52068,0.51837,0.47071,0.56894,0.5026,0.48795,0.59397,0.68593,0.69893,0.52588,0.56009,0.65739,0.52242,0.52856,0.47461,0.50498,0.71316,0.68147,0.48833,0.74388,0.55157,0.7252,0.50494,0.52079,0.59157,0.67554,0.52543,0.59689,0.60351,0.6025,0.62296,0.5676,0.71783,0.52295,0.47544,0.53215,0.50655,0.65923,0.4621,0.45881,0.52238,0.51497,0.53775,0.70814,0.69041,0.62424,0.62523,0.6283,0.50328,0.56924,0.62632,0.61448,0.63537,0.63904,0.49643,0.09347,0.05147,0.04525,0.04427,0.05223,0.05291,0.05353,0.028],[0.41992,0.49232,0.43848,0.54536,0.56106,0.47166,0.48541,0.50622,0.55015,0.42957,0.42833,1,0.46112,0.53934,0.47711,0.56775,0.39352,0.56733,0.39922,0.53926,0.4193,0.58307,0.52515,0.54172,0.63644,0.47252,0.42261,0.5244,0.49184,0.49575,0.49996,0.43109,0.57692,0.45925,0.51238,0.40022,0.43228,0.40648,0.42437,0.55724,0.51712,0.5787,0.509,0.43956,0.591,0.50288,0.57899,0.50509,0.49546,0.53159,0.53664,0.51644,0.46353,0.45966,0.51231,0.50987,0.57608,0.4896,0.40589,0.58681,0.44311,0.559,0.45008,0.46877,0.48701,0.54631,0.41687,0.44316,0.53295,0.47512,0.54228,0.45428,0.54277,0.46902,0.57487,0.49585,0.45168,0.5667,0.49357,0.58013,0.57511,0.62888,0.53413,0.48752,0.47849,0.53746,0.50593,0.47137,0.44044,0.58472,0.50334,0.33551,0.53313,0.50509,0.51697,0.60363,0.08507,0.09492,0.02944,0.03521,0.03935,0.06482,0.03547,0.04107],[0.69168,0.61015,0.52794,0.54756,0.69509,0.80169,0.59232,0.65793,0.68239,0.7849,0.69688,0.46112,1,0.64641,0.64948,0.64374,0.79945,0.51124,0.72381,0.49909,0.84402,0.59927,0.6291,0.56021,0.56331,0.66417,0.6895,0.73165,0.64527,0.70447,0.84535,0.72694,0.54552,0.63386,0.6404,0.8053,0.8639,0.74294,0.69898,0.58176,0.69512,0.67157,0.58074,0.47894,0.67652,0.57379,0.56121,0.74794,0.85851,0.7257,0.54783,0.64951,0.70905,0.58572,0.61954,0.54075,0.616,0.73844,0.82108,0.5671,0.87284,0.66034,0.85181,0.58663,0.63533,0.77012,0.77419,0.61463,0.72176,0.58152,0.63547,0.83,0.6246,0.85027,0.58813,0.57818,0.66377,0.56325,0.76182,0.56862,0.51961,0.59834,0.59848,0.69542,0.77276,0.63497,0.72922,0.59129,0.74927,0.5878,0.60972,0.64552,0.69384,0.68633,0.72825,0.58945,0.11172,0.07543,0.04244,0.044,0.04742,0.06689,0.04552,0.03345],[0.61308,0.58107,0.46378,0.58961,0.66418,0.63018,0.51733,0.61555,0.69823,0.58989,0.55043,0.53934,0.64641,1,0.62435,0.78735,0.59675,0.62242,0.56237,0.52101,0.64041,0.64989,0.51302,0.49402,0.67268,0.79759,0.49704,0.59599,0.74947,0.58142,0.63894,0.54829,0.55929,0.62098,0.59752,0.62459,0.68814,0.62316,0.53927,0.58536,0.68602,0.7341,0.58501,0.45546,0.65835,0.64741,0.57456,0.57754,0.66886,0.56264,0.57914,0.62724,0.59346,0.63051,0.47226,0.49822,0.73848,0.58884,0.63013,0.61202,0.65743,0.66066,0.61085,0.6182,0.62508,0.6819,0.55768,0.58246,0.8095,0.48256,0.64202,0.66916,0.56167,0.64156,0.60838,0.55234,0.67302,0.69343,0.75468,0.66532,0.61006,0.77524,0.48279,0.5927,0.59841,0.49104,0.62024,0.42439,0.73526,0.5607,0.56553,0.52768,0.68066,0.69836,0.70411,0.6195,0.0893,0.10529,0.06196,0.039,0.05221,0.07534,0.04388,0.03246],[0.53472,0.75641,0.44876,0.64133,0.59807,0.58057,0.4668,0.57373,0.57201,0.55475,0.5294,0.47711,0.64948,0.62435,1,0.60119,0.57309,0.51807,0.54726,0.48653,0.64734,0.61935,0.42474,0.47359,0.56947,0.59126,0.45927,0.51057,0.60351,0.48557,0.59658,0.46936,0.57444,0.64039,0.78547,0.57583,0.64315,0.52118,0.53963,0.55976,0.67386,0.6335,0.6748,0.44449,0.61913,0.58392,0.54469,0.50829,0.6291,0.48332,0.53701,0.48526,0.50317,0.55004,0.44011,0.52416,0.5582,0.60412,0.6278,0.57262,0.65358,0.5631,0.59149,0.5664,0.58142,0.67386,0.54287,0.73401,0.71042,0.42948,0.81376,0.59223,0.59501,0.63902,0.56327,0.55633,0.64957,0.55152,0.6883,0.50559,0.48777,0.52254,0.43466,0.51771,0.5853,0.4878,0.56102,0.38493,0.67218,0.53659,0.82986,0.46566,0.71072,0.84412,0.66347,0.48156,0.08632,0.09933,0.05175,0.05751,0.05094,0.0782,0.02977,0.024],[0.59824,0.57791,0.5063,0.63056,0.65854,0.59648,0.5348,0.67948,0.71163,0.5518,0.52892,0.56775,0.64374,0.78735,0.60119,1,0.5612,0.61021,0.55271,0.59702,0.58873,0.7265,0.56027,0.57182,0.73926,0.75755,0.5134,0.61109,0.64015,0.59109,0.65327,0.58057,0.55871,0.61476,0.61037,0.56554,0.65698,0.60699,0.56497,0.65581,0.74774,0.71019,0.52533,0.45522,0.745,0.61888,0.65872,0.61693,0.6472,0.59493,0.62583,0.59789,0.62336,0.6736,0.55614,0.52936,0.71847,0.59225,0.59563,0.72471,0.61595,0.66609,0.57658,0.55354,0.64822,0.73229,0.54542,0.62227,0.79773,0.46606,0.63001,0.66805,0.60816,0.62037,0.59206,0.58305,0.74348,0.73258,0.71646,0.74796,0.65325,0.69142,0.55692,0.65834,0.61792,0.50502,0.63535,0.45418,0.66215,0.68934,0.54597,0.49971,0.69907,0.64409,0.63034,0.66149,0.108,0.12045,0.05279,0.0439,0.04457,0.06936,0.03998,0.04474],[0.57077,0.54476,0.44457,0.50151,0.56971,0.66898,0.51097,0.5464,0.61863,0.7159,0.67873,0.39352,0.79945,0.59675,0.57309,0.5612,1,0.41894,0.77934,0.42518,0.85265,0.54516,0.50766,0.46267,0.52168,0.54924,0.63387,0.77219,0.58887,0.66022,0.7437,0.66367,0.48582,0.53613,0.57364,0.70797,0.75814,0.63636,0.69053,0.45089,0.60648,0.52615,0.54015,0.39661,0.54885,0.53744,0.48476,0.62425,0.69785,0.72383,0.4846,0.54815,0.5911,0.51648,0.53613,0.41045,0.51025,0.8087,0.79636,0.45275,0.86233,0.55076,0.75448,0.56381,0.51208,0.59402,0.86418,0.60197,0.62233,0.62418,0.55876,0.66549,0.50264,0.73566,0.53084,0.53269,0.55117,0.47255,0.69872,0.46878,0.4285,0.50045,0.52464,0.56288,0.838,0.61028,0.56982,0.61823,0.73669,0.48449,0.52527,0.66409,0.61929,0.61317,0.70586,0.43704,0.09748,0.05873,0.05109,0.04662,0.04788,0.05737,0.03761,0.02681],[0.508,0.4602,0.43685,0.54192,0.54822,0.51604,0.5144,0.49513,0.53098,0.48363,0.48478,0.56733,0.51124,0.62242,0.51807,0.61021,0.41894,1,0.40615,0.64179,0.48196,0.51094,0.49052,0.44828,0.63565,0.59742,0.4198,0.52121,0.52605,0.45402,0.52145,0.44474,0.50452,0.61488,0.51997,0.50307,0.53813,0.47767,0.41027,0.62747,0.56887,0.59319,0.47602,0.64485,0.62625,0.51904,0.51066,0.51344,0.55756,0.47693,0.47868,0.62816,0.57179,0.55814,0.47703,0.52359,0.55611,0.51594,0.47959,0.64127,0.49947,0.52457,0.48896,0.45,0.51855,0.56878,0.38565,0.4338,0.62372,0.41029,0.57625,0.55477,0.56352,0.56358,0.497,0.48099,0.54225,0.59863,0.5805,0.57399,0.55099,0.60882,0.46387,0.49202,0.50321,0.48526,0.53683,0.38631,0.52501,0.51925,0.49269,0.38538,0.56522,0.57341,0.51412,0.62314,0.07444,0.08331,0.03697,0.04763,0.03937,0.06114,0.03832,0.05],[0.54631,0.57323,0.40294,0.54462,0.58443,0.64972,0.46683,0.60956,0.63693,0.66016,0.66856,0.39922,0.72381,0.56237,0.54726,0.55271,0.77934,0.40615,1,0.41457,0.81678,0.53658,0.43937,0.44922,0.47526,0.51631,0.59328,0.64976,0.63309,0.56838,0.67973,0.56188,0.49455,0.54266,0.54992,0.64941,0.67666,0.60197,0.71995,0.42299,0.68239,0.54609,0.57184,0.35074,0.55375,0.53374,0.47802,0.56365,0.63115,0.66575,0.49692,0.53432,0.54279,0.52976,0.46229,0.40146,0.49029,0.79893,0.7542,0.46507,0.81529,0.52918,0.67717,0.62544,0.53755,0.58014,0.72521,0.60803,0.59992,0.59792,0.53675,0.63492,0.49418,0.65832,0.52363,0.46979,0.57171,0.4808,0.73346,0.48271,0.43483,0.51866,0.47755,0.57612,0.78095,0.5943,0.55939,0.54477,0.75167,0.49106,0.54386,0.63854,0.63886,0.59322,0.74014,0.45151,0.11087,0.07535,0.057,0.04716,0.06342,0.04863,0.02917,0.02116],[0.51002,0.53837,0.47332,0.6081,0.60301,0.5339,0.44634,0.60013,0.56244,0.52398,0.4672,0.53926,0.49909,0.52101,0.48653,0.59702,0.42518,0.64179,0.41457,1,0.46117,0.47882,0.58304,0.53646,0.60995,0.56502,0.46656,0.50603,0.52009,0.53828,0.59738,0.48494,0.48705,0.58014,0.47029,0.5082,0.51944,0.50784,0.46443,0.56063,0.6502,0.58796,0.47146,0.52435,0.56882,0.45645,0.63561,0.58454,0.52968,0.48837,0.42556,0.56583,0.53478,0.56308,0.59298,0.60681,0.54178,0.47207,0.46851,0.67512,0.47497,0.61921,0.48434,0.50399,0.57241,0.56554,0.38529,0.46702,0.55996,0.42199,0.50988,0.51915,0.57483,0.55098,0.50757,0.44345,0.54791,0.58336,0.57844,0.63947,0.60664,0.60507,0.60635,0.56144,0.48066,0.53461,0.54833,0.42271,0.49175,0.62778,0.47,0.4244,0.57794,0.51213,0.47213,0.61446,0.09371,0.10655,0.05366,0.05671,0.04773,0.07745,0.04701,0.05024],[0.63266,0.61041,0.51061,0.54162,0.67015,0.72792,0.52713,0.62146,0.64983,0.73301,0.75953,0.4193,0.84402,0.64041,0.64734,0.58873,0.85265,0.48196,0.81678,0.46117,1,0.57454,0.52957,0.50534,0.52778,0.62912,0.61526,0.73308,0.65091,0.61604,0.73682,0.61771,0.55464,0.6377,0.65009,0.74783,0.78911,0.69037,0.73156,0.50415,0.66612,0.61674,0.59911,0.46338,0.60731,0.57241,0.51903,0.63606,0.75179,0.69438,0.51523,0.58563,0.632,0.57377,0.53179,0.48246,0.56894,0.83297,0.8127,0.50685,0.9182,0.60151,0.81146,0.59427,0.61108,0.68394,0.80738,0.60046,0.69137,0.60783,0.65183,0.71369,0.57517,0.77475,0.59134,0.53668,0.61696,0.53621,0.78332,0.49423,0.46965,0.56618,0.52621,0.57998,0.83976,0.65584,0.6657,0.5613,0.83579,0.52567,0.61985,0.68813,0.71298,0.72191,0.79765,0.51768,0.09612,0.05907,0.05666,0.03987,0.04958,0.05613,0.04387,0.01873],[0.44045,0.60364,0.51804,0.57191,0.61165,0.50472,0.53965,0.61003,0.71015,0.52652,0.53292,0.58307,0.59927,0.64989,0.61935,0.72651,0.54516,0.51094,0.53658,0.47882,0.57454,1,0.49971,0.55148,0.64012,0.61743,0.5092,0.55073,0.55869,0.56653,0.54536,0.47463,0.64587,0.55572,0.72257,0.50654,0.55613,0.50259,0.54495,0.60529,0.65166,0.69872,0.63568,0.41805,0.71649,0.68584,0.60543,0.52378,0.57542,0.57212,0.63541,0.48242,0.52398,0.52213,0.48706,0.48708,0.65363,0.60938,0.52689,0.58482,0.59763,0.61113,0.55798,0.5634,0.55651,0.63998,0.56313,0.6538,0.683,0.4479,0.67184,0.53827,0.5823,0.6054,0.63669,0.68774,0.55192,0.62909,0.66745,0.55578,0.54225,0.63039,0.49387,0.51563,0.59486,0.51339,0.47187,0.41657,0.62146,0.59829,0.58827,0.45248,0.75395,0.70516,0.64948,0.57884,0.07312,0.09595,0.0326,0.04651,0.03549,0.05771,0.02717,0.01234],[0.61091,0.56671,0.48293,0.51717,0.5726,0.58262,0.54062,0.69307,0.51102,0.63516,0.49769,0.52515,0.6291,0.51302,0.42474,0.56027,0.50766,0.49052,0.43937,0.58304,0.52957,0.49971,1,0.64236,0.55735,0.54591,0.64558,0.60312,0.53493,0.67797,0.71671,0.60403,0.53354,0.45965,0.43805,0.57202,0.61863,0.58795,0.64465,0.49763,0.56008,0.57547,0.4576,0.49415,0.54352,0.42412,0.74382,0.834,0.61712,0.54915,0.43949,0.57981,0.58828,0.46236,0.8832,0.47357,0.51546,0.4886,0.50576,0.58681,0.55132,0.74157,0.59903,0.428,0.74874,0.55938,0.50497,0.45885,0.51304,0.45381,0.47724,0.57254,0.56781,0.58808,0.53466,0.44088,0.48406,0.45527,0.52306,0.62952,0.53266,0.51434,0.86798,0.64934,0.55715,0.56023,0.55046,0.46743,0.49393,0.71578,0.41119,0.48259,0.52421,0.47946,0.47118,0.54808,0.10042,0.07397,0.05557,0.04103,0.03247,0.06317,0.03264,0.03679],[0.43661,0.6296,0.50539,0.54254,0.6241,0.4805,0.37215,0.67258,0.55542,0.50107,0.4609,0.54172,0.56021,0.49402,0.47359,0.57182,0.46267,0.44828,0.44922,0.53646,0.50534,0.55148,0.64236,1,0.52434,0.51601,0.579,0.46921,0.55459,0.49316,0.59538,0.43194,0.63325,0.40908,0.5341,0.4412,0.51169,0.44353,0.66564,0.49198,0.58788,0.5949,0.4961,0.37872,0.54889,0.49848,0.72961,0.62356,0.50069,0.50212,0.62571,0.41995,0.44457,0.45713,0.66144,0.52093,0.54093,0.4915,0.48556,0.65379,0.51477,0.77177,0.4757,0.58776,0.71231,0.57935,0.47009,0.49421,0.54271,0.41447,0.56058,0.45799,0.7789,0.54699,0.63686,0.53647,0.45426,0.48343,0.59272,0.55097,0.52674,0.50309,0.64758,0.5113,0.48202,0.52711,0.45596,0.37644,0.51543,0.78323,0.48324,0.45773,0.59876,0.57563,0.57644,0.5085,0.07921,0.10187,0.02954,0.04241,0.0325,0.05588,0.02767,0.02859],[0.50813,0.54968,0.46286,0.58605,0.66217,0.54929,0.49456,0.59608,0.66434,0.52343,0.52732,0.63644,0.56331,0.67268,0.56947,0.73926,0.52168,0.63565,0.47526,0.60995,0.52778,0.64012,0.55735,0.52434,1,0.66336,0.5045,0.61615,0.52709,0.62306,0.5563,0.53584,0.49366,0.60966,0.57875,0.52088,0.55749,0.51816,0.49888,0.59298,0.66059,0.62301,0.51272,0.49976,0.77894,0.54289,0.65472,0.57535,0.55817,0.59316,0.59276,0.59382,0.61644,0.64625,0.56322,0.49091,0.72206,0.58064,0.48565,0.63463,0.52084,0.60105,0.52207,0.45153,0.54946,0.63619,0.48872,0.59397,0.60719,0.53254,0.58709,0.54594,0.54775,0.57013,0.52859,0.48857,0.65392,0.6101,0.58431,0.73101,0.69515,0.68673,0.57542,0.57238,0.5865,0.54774,0.52342,0.50081,0.59594,0.5758,0.53524,0.44633,0.62224,0.60255,0.6191,0.64005,0.09004,0.10302,0.0526,0.04518,0.04693,0.07294,0.03435,0.0387],[0.61281,0.56987,0.54419,0.52608,0.72389,0.61789,0.4946,0.70051,0.64832,0.57896,0.54945,0.47252,0.66417,0.79759,0.59126,0.75755,0.54924,0.59742,0.51631,0.56502,0.62912,0.61743,0.54591,0.51601,0.66336,1,0.50111,0.58741,0.64077,0.57831,0.63641,0.53945,0.5306,0.66728,0.53326,0.63839,0.68059,0.62552,0.53126,0.55998,0.69304,0.74894,0.52665,0.49414,0.69124,0.57549,0.58222,0.61052,0.6647,0.52317,0.56169,0.62248,0.63778,0.72976,0.52361,0.53039,0.68205,0.58287,0.54606,0.59582,0.63196,0.67362,0.61328,0.54258,0.67425,0.73642,0.54514,0.53892,0.75765,0.44709,0.57199,0.67615,0.5742,0.65585,0.61764,0.51362,0.65331,0.674,0.68966,0.63224,0.65511,0.69211,0.50764,0.59501,0.60265,0.49867,0.60813,0.41777,0.70233,0.59482,0.53266,0.49086,0.61921,0.6453,0.66577,0.7128,0.11117,0.1203,0.04693,0.05151,0.05369,0.07688,0.0452,0.03561],[0.53151,0.57763,0.39414,0.47451,0.57299,0.57566,0.5204,0.62322,0.57105,0.69816,0.63357,0.42261,0.6895,0.49704,0.45927,0.5134,0.63387,0.4198,0.59328,0.46656,0.61526,0.5092,0.64558,0.579,0.5045,0.50111,1,0.64685,0.55418,0.59978,0.71444,0.59014,0.48159,0.48165,0.49817,0.62486,0.62834,0.59508,0.67909,0.45423,0.57954,0.50154,0.51449,0.38105,0.52061,0.50346,0.59055,0.7679,0.61243,0.67656,0.45515,0.53258,0.56491,0.51829,0.69398,0.44335,0.51235,0.57935,0.65299,0.52305,0.68546,0.65042,0.67948,0.47766,0.59909,0.56696,0.63756,0.50346,0.54687,0.52904,0.45939,0.59509,0.51842,0.63792,0.53819,0.48812,0.51011,0.43164,0.58735,0.52073,0.4969,0.5031,0.67997,0.57087,0.59865,0.60225,0.53065,0.58584,0.55792,0.59699,0.44736,0.61199,0.57846,0.50123,0.56996,0.5041,0.09857,0.07205,0.03776,0.03522,0.04102,0.05668,0.04111,0.0395],[0.60698,0.49414,0.50931,0.50723,0.61102,0.6565,0.54043,0.54393,0.66528,0.65409,0.71314,0.5244,0.73165,0.59599,0.51057,0.61109,0.77219,0.52121,0.64976,0.50603,0.73308,0.55073,0.60312,0.46921,0.61615,0.58741,0.64685,1,0.54861,0.66533,0.70503,0.66885,0.47346,0.56972,0.54229,0.67267,0.68124,0.64161,0.62869,0.50163,0.61365,0.56858,0.56246,0.48582,0.61215,0.52444,0.52677,0.66672,0.70453,0.844,0.50441,0.63945,0.69073,0.54984,0.62646,0.45102,0.59356,0.74157,0.71173,0.50467,0.76982,0.55795,0.79852,0.46355,0.52122,0.63779,0.74445,0.52369,0.63544,0.6859,0.54688,0.68047,0.51408,0.70628,0.50869,0.46816,0.57663,0.53967,0.65551,0.57202,0.50509,0.63538,0.60752,0.54686,0.78926,0.68089,0.63255,0.75311,0.66104,0.52337,0.50729,0.59907,0.59137,0.57676,0.65934,0.55711,0.11717,0.07624,0.05412,0.04061,0.051,0.06589,0.03909,0.04323],[0.63045,0.63622,0.46856,0.59112,0.67522,0.62629,0.45664,0.70775,0.68409,0.61022,0.53099,0.49184,0.64527,0.74947,0.60351,0.64015,0.58887,0.52605,0.63309,0.52009,0.65091,0.55869,0.53493,0.55459,0.52709,0.64077,0.55418,0.54861,1,0.56699,0.67533,0.52891,0.65136,0.6037,0.65794,0.63254,0.65767,0.58443,0.58932,0.54974,0.64982,0.71945,0.64639,0.40657,0.62963,0.71121,0.58917,0.61278,0.62522,0.5618,0.58256,0.56673,0.55789,0.5388,0.46903,0.56321,0.66212,0.56467,0.68595,0.61731,0.6559,0.68485,0.63679,0.77277,0.66866,0.68601,0.55747,0.62779,0.7476,0.49762,0.63037,0.59685,0.60092,0.58746,0.7218,0.61196,0.65421,0.64567,0.7992,0.66036,0.56331,0.65498,0.49829,0.56355,0.53841,0.52408,0.57646,0.4237,0.74086,0.65261,0.55762,0.5708,0.74024,0.68554,0.72279,0.6134,0.09312,0.11108,0.03838,0.04048,0.03789,0.06279,0.02935,0.02292],[0.7164,0.52954,0.45569,0.55369,0.56396,0.63055,0.58533,0.61076,0.5739,0.64287,0.60011,0.49575,0.70447,0.58142,0.48557,0.59109,0.66022,0.45402,0.56838,0.53828,0.61604,0.56653,0.67797,0.49316,0.62306,0.57831,0.59978,0.66533,0.56699,1,0.70228,0.6973,0.50932,0.52896,0.51949,0.67191,0.69786,0.67463,0.58808,0.46519,0.5839,0.58693,0.52485,0.45764,0.56608,0.47836,0.54946,0.69676,0.68145,0.62016,0.47205,0.64875,0.68856,0.53606,0.67881,0.41674,0.53533,0.57978,0.66569,0.4742,0.62969,0.58511,0.64474,0.5402,0.5576,0.57253,0.64065,0.59138,0.54313,0.5952,0.51395,0.67796,0.49751,0.63853,0.54507,0.49594,0.55007,0.51644,0.59522,0.57772,0.53738,0.5374,0.64536,0.76398,0.64913,0.59563,0.56028,0.56838,0.58034,0.54253,0.4656,0.53904,0.57235,0.52086,0.53954,0.55816,0.10098,0.07253,0.04541,0.03964,0.03206,0.06383,0.04039,0.03224],[0.70198,0.63252,0.50156,0.61706,0.68802,0.78956,0.60951,0.71119,0.65599,0.79384,0.66872,0.49996,0.84535,0.63894,0.59658,0.65327,0.7437,0.52145,0.67973,0.59738,0.73682,0.54536,0.71671,0.59538,0.5563,0.63641,0.71444,0.70503,0.67533,0.70228,1,0.71053,0.53806,0.60274,0.59232,0.78722,0.83683,0.70786,0.7295,0.55908,0.72964,0.61298,0.5544,0.4885,0.65209,0.55806,0.62868,0.84166,0.80671,0.69531,0.52305,0.67049,0.72301,0.58455,0.72272,0.54746,0.59592,0.64814,0.78915,0.59696,0.79717,0.72085,0.77794,0.60119,0.68796,0.71122,0.66884,0.59832,0.71484,0.57056,0.61687,0.7961,0.63522,0.79341,0.56648,0.54079,0.64895,0.56889,0.76315,0.62963,0.5505,0.56466,0.72529,0.70663,0.6804,0.65615,0.75734,0.58743,0.68514,0.68697,0.57672,0.66448,0.66324,0.63612,0.65611,0.5761,0.11688,0.08182,0.05007,0.05348,0.0438,0.07729,0.04589,0.02906],[0.67225,0.50465,0.39775,0.53769,0.53564,0.52831,0.47606,0.52539,0.56372,0.59262,0.59157,0.43109,0.72694,0.54829,0.46936,0.58057,0.66367,0.44474,0.56188,0.48494,0.61771,0.47463,0.60403,0.43194,0.53584,0.53945,0.59014,0.66885,0.52891,0.6973,0.71053,1,0.44707,0.50341,0.44935,0.56108,0.60888,0.53182,0.56356,0.4943,0.57218,0.47931,0.48529,0.45077,0.57435,0.45314,0.4776,0.61408,0.63364,0.65007,0.43398,0.47517,0.73939,0.51314,0.61001,0.38643,0.53024,0.58708,0.6547,0.48398,0.66349,0.50717,0.75599,0.47771,0.53345,0.61012,0.64506,0.53018,0.5674,0.51951,0.48018,0.62363,0.43579,0.6072,0.46814,0.41913,0.64304,0.48806,0.58672,0.56061,0.5368,0.53077,0.57415,0.59778,0.66244,0.57596,0.59897,0.63246,0.56104,0.50874,0.45675,0.54852,0.51309,0.48717,0.52547,0.53364,0.09641,0.06732,0.05663,0.04529,0.04406,0.06749,0.03929,0.04786],[0.50394,0.64642,0.48281,0.6274,0.61589,0.47437,0.42687,0.61052,0.56784,0.49492,0.50171,0.57692,0.54552,0.55929,0.57444,0.55871,0.48582,0.50452,0.49455,0.48705,0.55464,0.64587,0.53354,0.63325,0.49366,0.5306,0.48159,0.47346,0.65136,0.50932,0.53806,0.44708,1,0.4725,0.58161,0.43215,0.51084,0.44545,0.54923,0.54103,0.56435,0.6347,0.5714,0.45055,0.5491,0.56397,0.59661,0.50349,0.51343,0.48437,0.61276,0.43971,0.46154,0.44774,0.48285,0.56696,0.56441,0.52317,0.53413,0.59881,0.56086,0.6339,0.50224,0.68393,0.63438,0.57275,0.48449,0.56596,0.61,0.43622,0.64383,0.47105,0.66235,0.52099,0.80977,0.60294,0.45264,0.56176,0.67689,0.50814,0.46967,0.53215,0.48395,0.48905,0.50093,0.5244,0.46078,0.33916,0.58011,0.63434,0.56827,0.43913,0.67773,0.6506,0.60466,0.53173,0.0605,0.07647,0.03174,0.05199,0.03457,0.04804,0.02257,0.00795],[0.61054,0.54528,0.45726,0.53591,0.68119,0.63019,0.49909,0.69963,0.60112,0.64299,0.53652,0.45925,0.63386,0.62098,0.64039,0.61476,0.53613,0.61488,0.54266,0.58014,0.6377,0.55572,0.45965,0.40908,0.60966,0.66728,0.48165,0.56972,0.6037,0.52896,0.60274,0.50341,0.4725,1,0.65775,0.68632,0.67103,0.67043,0.47912,0.56471,0.74467,0.68824,0.64399,0.48351,0.72592,0.62306,0.54386,0.56814,0.62679,0.49554,0.48722,0.60701,0.65487,0.71591,0.44123,0.53519,0.54292,0.61947,0.59326,0.5322,0.64863,0.56565,0.63463,0.52075,0.58634,0.73541,0.50549,0.55501,0.69452,0.45555,0.58395,0.64557,0.52442,0.63243,0.47933,0.53497,0.72591,0.643,0.71216,0.53705,0.56827,0.58468,0.44617,0.54798,0.61132,0.54111,0.59952,0.42649,0.67892,0.50843,0.56402,0.47647,0.71798,0.66344,0.66812,0.58597,0.08599,0.10067,0.05902,0.03965,0.05606,0.07455,0.04839,0.03612],[0.49865,0.65826,0.50859,0.59978,0.62239,0.58775,0.57799,0.59532,0.5999,0.56167,0.57288,0.51238,0.6404,0.59752,0.78547,0.61037,0.57364,0.51997,0.54992,0.47029,0.65009,0.72257,0.43805,0.5341,0.57875,0.53326,0.49817,0.54229,0.65794,0.51949,0.59232,0.44935,0.58161,0.65775,1,0.57,0.61655,0.53324,0.53857,0.58639,0.61869,0.64285,0.6642,0.4517,0.67625,0.70846,0.57412,0.5328,0.62609,0.54343,0.59297,0.51089,0.53277,0.54869,0.46749,0.5143,0.57037,0.64249,0.61159,0.55949,0.63747,0.57705,0.59714,0.58139,0.5754,0.70504,0.5542,0.69248,0.69067,0.46408,0.81795,0.56197,0.65447,0.65872,0.58315,0.73012,0.65719,0.56532,0.70243,0.49025,0.495,0.51586,0.47561,0.50158,0.62595,0.52521,0.55539,0.4324,0.65307,0.59137,0.70435,0.46094,0.80136,0.87173,0.70419,0.54567,0.06537,0.07903,0.03486,0.04299,0.03675,0.05912,0.02887,0.0252],[0.74007,0.50387,0.44886,0.50474,0.62215,0.84976,0.60547,0.6166,0.59812,0.81229,0.63307,0.40022,0.8053,0.62459,0.57583,0.56554,0.70797,0.50307,0.64941,0.5082,0.74783,0.50654,0.57202,0.4412,0.52088,0.63839,0.62486,0.67267,0.63254,0.67191,0.78722,0.56108,0.43215,0.68632,0.57,1,0.86329,0.81792,0.58925,0.48325,0.67118,0.6271,0.5451,0.47909,0.58678,0.5082,0.51238,0.73244,0.83949,0.59737,0.43271,0.74107,0.67774,0.59194,0.55875,0.50408,0.55247,0.65694,0.76937,0.49767,0.76888,0.60881,0.73605,0.5246,0.5491,0.62916,0.66291,0.54786,0.66637,0.53736,0.54726,0.85101,0.54651,0.83766,0.48619,0.47636,0.58069,0.54239,0.70366,0.49294,0.50009,0.52194,0.5546,0.7241,0.66105,0.60133,0.71995,0.54142,0.68704,0.53876,0.49321,0.60964,0.61514,0.60488,0.63114,0.48646,0.11881,0.08172,0.04965,0.05036,0.04702,0.07318,0.04713,0.03431],[0.76166,0.57938,0.51239,0.56433,0.65416,0.83075,0.65497,0.66303,0.61804,0.79871,0.646,0.43228,0.8639,0.68814,0.64315,0.65698,0.75814,0.53813,0.67666,0.51944,0.78911,0.55613,0.61863,0.51169,0.55749,0.68059,0.62834,0.68124,0.65767,0.69786,0.83683,0.60888,0.51084,0.67103,0.61655,0.86329,1,0.82027,0.64205,0.56186,0.69602,0.69168,0.53798,0.49783,0.62598,0.56471,0.54745,0.76335,0.85994,0.60182,0.5165,0.72108,0.67779,0.61368,0.58999,0.52888,0.57221,0.66213,0.78709,0.54908,0.82283,0.64553,0.73138,0.5953,0.62792,0.70936,0.69566,0.5774,0.7288,0.54707,0.63703,0.8613,0.60007,0.82021,0.54306,0.53811,0.63608,0.58226,0.74645,0.54167,0.48535,0.56965,0.57746,0.76197,0.69401,0.57295,0.73261,0.51368,0.73067,0.55749,0.56572,0.61842,0.69557,0.67993,0.68209,0.53085,0.11074,0.07779,0.04992,0.04524,0.04079,0.07253,0.04574,0.02378],[0.71687,0.51054,0.47301,0.48534,0.63368,0.76778,0.68051,0.61961,0.58928,0.80991,0.56228,0.40648,0.74294,0.62316,0.52118,0.60699,0.63636,0.47767,0.60197,0.50784,0.69037,0.50259,0.58795,0.44353,0.51816,0.62552,0.59508,0.64161,0.58443,0.67463,0.70786,0.53182,0.44545,0.67043,0.53324,0.81792,0.82027,1,0.56373,0.47822,0.67397,0.62992,0.50022,0.44401,0.56395,0.52621,0.53353,0.6867,0.71007,0.57358,0.42693,0.72686,0.60013,0.6037,0.54079,0.45078,0.51562,0.61699,0.68216,0.47837,0.71818,0.5969,0.70003,0.50872,0.58391,0.63053,0.61678,0.46261,0.62954,0.50628,0.5232,0.78075,0.54206,0.73824,0.49665,0.51792,0.55757,0.52455,0.6542,0.47828,0.48578,0.55835,0.55501,0.76405,0.64044,0.52496,0.67963,0.4949,0.62465,0.49941,0.46642,0.56426,0.63609,0.5758,0.57644,0.49962,0.11599,0.0892,0.05747,0.04076,0.04491,0.07176,0.04987,0.04041],[0.55881,0.70271,0.48478,0.58368,0.60218,0.58602,0.41148,0.68467,0.59413,0.62527,0.6608,0.42437,0.69898,0.53927,0.53963,0.56497,0.69053,0.41027,0.71995,0.46443,0.73156,0.54495,0.64465,0.66564,0.49888,0.53126,0.67909,0.62869,0.58932,0.58808,0.7295,0.56356,0.54923,0.47912,0.53857,0.58925,0.64205,0.56373,1,0.43391,0.66897,0.56662,0.54446,0.3823,0.54322,0.46179,0.62364,0.7141,0.63149,0.64148,0.52798,0.49364,0.52827,0.50427,0.68297,0.43452,0.51565,0.68342,0.66717,0.52222,0.74723,0.69596,0.65577,0.56244,0.69033,0.58361,0.69304,0.57695,0.58369,0.52864,0.56777,0.57891,0.62084,0.64248,0.54286,0.45237,0.53206,0.45075,0.68631,0.51572,0.45751,0.50975,0.68141,0.59209,0.66676,0.63563,0.53695,0.52193,0.67705,0.64894,0.5612,0.67866,0.61208,0.58722,0.6752,0.45614,0.11415,0.08022,0.04195,0.05173,0.04938,0.05332,0.03797,0.02149],[0.45682,0.52279,0.4455,0.5815,0.56277,0.53226,0.50327,0.51825,0.60085,0.48657,0.48358,0.55724,0.58176,0.58536,0.55976,0.65581,0.45089,0.62747,0.42299,0.56063,0.50415,0.60529,0.49763,0.49198,0.59298,0.55998,0.45423,0.50163,0.54974,0.46519,0.55908,0.4943,0.54103,0.56471,0.58639,0.48325,0.56186,0.47822,0.43391,1,0.59467,0.64788,0.48599,0.57001,0.65674,0.5106,0.57899,0.52142,0.60198,0.50421,0.46358,0.47951,0.51097,0.49343,0.48815,0.55253,0.56723,0.49393,0.51926,0.70603,0.54585,0.59259,0.52787,0.48843,0.58598,0.69216,0.41944,0.48165,0.67551,0.42805,0.59448,0.57931,0.53699,0.59679,0.53999,0.5839,0.64862,0.63792,0.58089,0.61702,0.58157,0.57955,0.45074,0.52659,0.51035,0.45875,0.57196,0.39987,0.5071,0.58414,0.51278,0.41569,0.59058,0.5809,0.51207,0.62665,0.06576,0.07785,0.05536,0.04524,0.04763,0.06557,0.04603,0.04093],[0.59926,0.69803,0.51186,0.76473,0.76385,0.66488,0.49311,0.75488,0.73282,0.6658,0.58364,0.51712,0.69512,0.68602,0.67386,0.74774,0.60648,0.56887,0.68239,0.6502,0.66612,0.65166,0.56008,0.58788,0.66059,0.69304,0.57954,0.61365,0.64982,0.5839,0.72964,0.57218,0.56435,0.74467,0.61869,0.67118,0.69602,0.67397,0.66897,0.59467,1,0.73586,0.60839,0.45408,0.75034,0.58044,0.64308,0.64819,0.66709,0.62672,0.5721,0.58692,0.61227,0.7465,0.572,0.55669,0.66893,0.67108,0.65141,0.65649,0.70467,0.691,0.64156,0.61635,0.68568,0.74438,0.59362,0.6212,0.74027,0.52808,0.63126,0.67356,0.65462,0.68528,0.57371,0.55425,0.72763,0.61968,0.78662,0.6394,0.60828,0.66999,0.59708,0.65969,0.62477,0.60193,0.62197,0.519,0.72727,0.65399,0.62477,0.57068,0.76903,0.68606,0.72493,0.60494,0.11079,0.1205,0.05939,0.05857,0.06831,0.09343,0.04235,0.0384],[0.59219,0.61596,0.55223,0.61566,0.6874,0.66381,0.51038,0.72793,0.70739,0.60418,0.52068,0.5787,0.67157,0.7341,0.6335,0.71019,0.52615,0.59319,0.54609,0.58796,0.61674,0.69872,0.57547,0.5949,0.62301,0.74894,0.50154,0.56858,0.71945,0.58693,0.61298,0.47931,0.6347,0.68824,0.64285,0.6271,0.69168,0.62992,0.56662,0.64788,0.73586,1,0.57507,0.45992,0.74474,0.57818,0.62249,0.61118,0.69823,0.5562,0.58349,0.61833,0.53932,0.61162,0.53549,0.56816,0.64008,0.59474,0.5887,0.62577,0.62609,0.71642,0.58722,0.63765,0.6852,0.72616,0.53011,0.55994,0.68078,0.48263,0.64725,0.64763,0.6544,0.66851,0.67472,0.59492,0.65164,0.66216,0.68774,0.66965,0.58826,0.72233,0.5477,0.65187,0.57729,0.53705,0.57978,0.42787,0.66207,0.60407,0.57097,0.48961,0.71316,0.68565,0.68202,0.65743,0.09776,0.11215,0.03774,0.03921,0.04114,0.06928,0.03933,0.0267],[0.50122,0.71221,0.42678,0.527,0.61401,0.52157,0.40104,0.63977,0.72126,0.53497,0.51837,0.509,0.58074,0.58501,0.6748,0.52533,0.54015,0.47602,0.57184,0.47146,0.59911,0.63568,0.4576,0.4961,0.51272,0.52665,0.51449,0.56246,0.64639,0.52485,0.5544,0.48529,0.5714,0.64399,0.6642,0.5451,0.53798,0.50022,0.54446,0.48599,0.60839,0.57507,1,0.3885,0.63737,0.62053,0.54059,0.52207,0.53726,0.52765,0.53124,0.44768,0.56051,0.51219,0.45188,0.50517,0.58276,0.57242,0.57771,0.52413,0.60459,0.58316,0.61161,0.61573,0.56817,0.60274,0.56023,0.73859,0.63824,0.44619,0.62592,0.53066,0.52974,0.54998,0.6149,0.53441,0.65166,0.62887,0.70494,0.56143,0.56154,0.64141,0.45446,0.46087,0.55624,0.51967,0.47189,0.42617,0.68368,0.55939,0.64619,0.4695,0.66283,0.66213,0.74594,0.59499,0.07993,0.10562,0.04452,0.04985,0.05474,0.06364,0.04207,0.02085],[0.50204,0.40016,0.42367,0.46974,0.47522,0.48155,0.52071,0.36697,0.42488,0.45786,0.47071,0.43956,0.47894,0.45546,0.44449,0.45522,0.39661,0.64485,0.35074,0.52435,0.46338,0.41805,0.49415,0.37872,0.49976,0.49414,0.38105,0.48582,0.40657,0.45764,0.4885,0.45077,0.45055,0.48351,0.4517,0.47909,0.49783,0.44401,0.3823,0.57001,0.45408,0.45992,0.3885,1,0.5011,0.40075,0.40206,0.46198,0.51382,0.43814,0.3789,0.54935,0.55004,0.4429,0.49002,0.37423,0.42414,0.45749,0.45991,0.464,0.45673,0.4182,0.46527,0.33068,0.4391,0.47341,0.3872