{"model":"multimodalembedding@001","docs":[{"type":"image","name":"3.jpg"},{"type":"image","name":"8.jpg"},{"type":"image","name":"16.jpg"},{"type":"image","name":"27.jpg"},{"type":"image","name":"65.jpg"},{"type":"image","name":"69.jpg"},{"type":"image","name":"84.jpg"},{"type":"image","name":"87.jpg"},{"type":"image","name":"94.jpg"},{"type":"image","name":"96.jpg"},{"type":"image","name":"105.jpg"},{"type":"image","name":"115.jpg"},{"type":"image","name":"117.jpg"},{"type":"image","name":"123.jpg"},{"type":"image","name":"143.jpg"},{"type":"image","name":"145.jpg"},{"type":"image","name":"146.jpg"},{"type":"image","name":"158.jpg"},{"type":"image","name":"159.jpg"},{"type":"image","name":"160.jpg"},{"type":"image","name":"170.jpg"},{"type":"image","name":"175.jpg"},{"type":"image","name":"185.jpg"},{"type":"image","name":"195.jpg"},{"type":"image","name":"206.jpg"},{"type":"image","name":"221.jpg"},{"type":"image","name":"224.jpg"},{"type":"image","name":"227.jpg"},{"type":"image","name":"229.jpg"},{"type":"image","name":"237.jpg"},{"type":"image","name":"249.jpg"},{"type":"image","name":"282.jpg"},{"type":"image","name":"285.jpg"},{"type":"image","name":"288.jpg"},{"type":"image","name":"297.jpg"},{"type":"image","name":"308.jpg"},{"type":"image","name":"313.jpg"},{"type":"image","name":"315.jpg"},{"type":"image","name":"318.jpg"},{"type":"image","name":"324.jpg"},{"type":"image","name":"326.jpg"},{"type":"image","name":"327.jpg"},{"type":"image","name":"331.jpg"},{"type":"image","name":"337.jpg"},{"type":"image","name":"342.jpg"},{"type":"image","name":"343.jpg"},{"type":"image","name":"359.jpg"},{"type":"image","name":"395.jpg"},{"type":"image","name":"410.jpg"},{"type":"image","name":"419.jpg"},{"type":"image","name":"435.jpg"},{"type":"image","name":"443.jpg"},{"type":"image","name":"477.jpg"},{"type":"image","name":"483.jpg"},{"type":"image","name":"521.jpg"},{"type":"image","name":"540.jpg"},{"type":"image","name":"542.jpg"},{"type":"image","name":"546.jpg"},{"type":"image","name":"548.jpg"},{"type":"image","name":"550.jpg"},{"type":"image","name":"552.jpg"},{"type":"image","name":"564.jpg"},{"type":"image","name":"569.jpg"},{"type":"image","name":"580.jpg"},{"type":"image","name":"617.jpg"},{"type":"image","name":"629.jpg"},{"type":"image","name":"632.jpg"},{"type":"image","name":"633.jpg"},{"type":"image","name":"636.jpg"},{"type":"image","name":"657.jpg"},{"type":"image","name":"668.jpg"},{"type":"image","name":"670.jpg"},{"type":"image","name":"691.jpg"},{"type":"image","name":"692.jpg"},{"type":"image","name":"696.jpg"},{"type":"image","name":"740.jpg"},{"type":"image","name":"781.jpg"},{"type":"image","name":"782.jpg"},{"type":"image","name":"803.jpg"},{"type":"image","name":"871.jpg"},{"type":"image","name":"929.jpg"},{"type":"image","name":"941.jpg"},{"type":"image","name":"952.jpg"},{"type":"image","name":"969.jpg"},{"type":"image","name":"990.jpg"},{"type":"image","name":"998.jpg"},{"type":"image","name":"1015.jpg"},{"type":"image","name":"1057.jpg"},{"type":"image","name":"1064.jpg"},{"type":"image","name":"1075.jpg"},{"type":"image","name":"1093.jpg"},{"type":"image","name":"1115.jpg"},{"type":"image","name":"1119.jpg"},{"type":"image","name":"1120.jpg"},{"type":"image","name":"1255.jpg"},{"type":"image","name":"1283.jpg"},{"type":"image","name":"1286.jpg"},{"type":"image","name":"1292.jpg"},{"type":"image","name":"1295.jpg"},{"type":"image","name":"1307.jpg"},{"type":"text","name":"Sedan"},{"type":"text","name":"SUV"},{"type":"text","name":"Luxury"},{"type":"text","name":"Vintage"},{"type":"text","name":"Sport"},{"type":"text","name":"White"},{"type":"text","name":"Red"}],"similarity":[[1,0.65447,0.78043,0.39804,0.38508,0.45469,0.57462,0.44841,0.57319,0.47049,0.51882,0.45038,0.62121,0.96119,0.457,0.51521,0.73228,0.47583,0.6253,0.52524,0.50504,0.72985,0.49247,0.42612,0.52059,0.28874,0.47009,0.68191,0.5408,0.91448,0.43741,0.47591,0.49225,0.51099,0.678,0.61013,0.54416,0.47845,0.50439,0.48343,0.6161,0.5812,0.62416,0.62082,0.48596,0.54136,0.53065,0.47986,0.72401,0.4535,0.47509,0.53709,0.55713,0.66922,0.70175,0.54516,0.58903,0.67793,0.61431,0.56256,0.51072,0.55129,0.48171,0.51661,0.49839,0.44497,0.45648,0.50086,0.45036,0.48359,0.46325,0.65307,0.62423,0.507,0.53013,0.92042,0.72865,0.69917,0.95889,0.30189,0.32296,0.27084,0.73952,0.45024,0.94653,0.40627,0.65223,0.58583,0.69523,0.57883,0.52079,0.7118,0.42756,0.59879,0.65745,0.67432,0.50614,0.65551,0.53362,0.47997,0.06918,0.09323,0.05837,0.01783,0.03015,0.02478,0.05951],[0.65447,1,0.56148,0.43857,0.30389,0.42898,0.74835,0.58676,0.56692,0.47391,0.47682,0.43604,0.81301,0.66629,0.44273,0.56255,0.54473,0.49018,0.56229,0.46448,0.69437,0.52986,0.47326,0.46947,0.51401,0.34527,0.46329,0.82917,0.52024,0.62214,0.37539,0.44213,0.48595,0.5284,0.59424,0.55342,0.60722,0.74138,0.59211,0.44956,0.79324,0.57856,0.5989,0.62204,0.54967,0.51556,0.55882,0.63193,0.51668,0.52161,0.62972,0.4892,0.59884,0.58737,0.50957,0.5472,0.4596,0.47982,0.43532,0.51174,0.55207,0.51699,0.50333,0.50095,0.56978,0.46254,0.53499,0.37645,0.53443,0.55412,0.41806,0.50801,0.62763,0.53536,0.5479,0.65763,0.53509,0.51878,0.67077,0.32281,0.32789,0.27662,0.54974,0.45225,0.65636,0.42631,0.49576,0.51721,0.51149,0.50905,0.496,0.52199,0.42558,0.42662,0.4786,0.48334,0.44123,0.51285,0.40302,0.42288,0.05096,0.11802,0.05606,0.0212,0.04339,0.03907,0.04157],[0.78043,0.56148,1,0.36645,0.37337,0.40348,0.56726,0.47646,0.6248,0.44061,0.47839,0.40563,0.53491,0.79833,0.42549,0.48274,0.67985,0.4368,0.57676,0.43122,0.46349,0.78125,0.39509,0.43318,0.43906,0.24639,0.45514,0.55151,0.56952,0.7936,0.37988,0.48711,0.47034,0.50804,0.6833,0.51263,0.51202,0.39362,0.51596,0.50615,0.5065,0.50059,0.55893,0.56966,0.47462,0.49444,0.4547,0.44937,0.73459,0.4397,0.45958,0.46758,0.53119,0.69591,0.7164,0.52266,0.57711,0.70669,0.57463,0.60937,0.48868,0.49638,0.4469,0.51289,0.48172,0.39366,0.46745,0.49999,0.42162,0.46502,0.40773,0.67118,0.56296,0.48216,0.48579,0.82418,0.76904,0.70431,0.78158,0.31877,0.35571,0.23475,0.7398,0.40293,0.81784,0.38567,0.67155,0.46498,0.66621,0.43642,0.4491,0.64659,0.35531,0.55606,0.59079,0.68126,0.428,0.66598,0.59109,0.42046,0.07434,0.07213,0.05443,0.02637,0.02212,0.01958,0.03791],[0.39804,0.43857,0.36645,1,0.30867,0.5322,0.41453,0.4032,0.36528,0.35561,0.51533,0.44427,0.48853,0.41228,0.33936,0.52137,0.5251,0.53734,0.57221,0.45886,0.30747,0.40288,0.60665,0.30069,0.69987,0.40675,0.46164,0.46425,0.47909,0.427,0.34945,0.37074,0.55021,0.38118,0.47623,0.48291,0.39068,0.33874,0.34966,0.33403,0.44707,0.49455,0.45304,0.43426,0.54648,0.46091,0.66668,0.47605,0.35564,0.51333,0.39606,0.58371,0.46797,0.45202,0.52328,0.62952,0.45864,0.30329,0.37075,0.41399,0.53482,0.38217,0.33644,0.42573,0.49301,0.80202,0.51348,0.22975,0.50268,0.54229,0.55338,0.53683,0.44129,0.49062,0.37154,0.43183,0.40085,0.53994,0.41767,0.49005,0.3643,0.30386,0.49525,0.69827,0.43911,0.67744,0.51061,0.58558,0.55279,0.60108,0.63378,0.53799,0.68628,0.30751,0.51853,0.52533,0.50407,0.54799,0.2849,0.63492,0.02657,0.11664,0.03484,0.02443,0.04771,0.03094,0.0263],[0.38508,0.30389,0.37337,0.30867,1,0.5045,0.28362,0.22741,0.32696,0.26876,0.39103,0.27409,0.30826,0.40134,0.40678,0.28106,0.32605,0.27638,0.41188,0.30987,0.22146,0.33573,0.50011,0.24012,0.33056,0.23249,0.56946,0.35193,0.35163,0.4166,0.42747,0.47276,0.29619,0.30341,0.41565,0.51525,0.27393,0.25149,0.25885,0.22802,0.30726,0.36248,0.30951,0.33658,0.28384,0.32596,0.34287,0.2594,0.30217,0.26483,0.22123,0.3882,0.32461,0.3372,0.31109,0.29305,0.26934,0.31251,0.28342,0.28342,0.2901,0.22885,0.26957,0.25615,0.28799,0.33529,0.29205,0.20798,0.24594,0.28309,0.36767,0.31403,0.31596,0.26919,0.28058,0.40203,0.33689,0.33845,0.39043,0.18645,0.17361,0.20326,0.35012,0.33775,0.40121,0.29427,0.31207,0.39016,0.32356,0.38895,0.37362,0.31978,0.31484,0.24361,0.31395,0.32251,0.31601,0.33677,0.22774,0.31773,0.09064,0.0608,0.04479,0.03618,0.02384,0.01577,0.01651],[0.45469,0.42898,0.40348,0.5322,0.5045,1,0.3628,0.33253,0.32935,0.29213,0.45796,0.40412,0.45207,0.46957,0.52926,0.46811,0.62627,0.37368,0.58001,0.37894,0.28969,0.42615,0.83312,0.25867,0.50712,0.3932,0.60315,0.47322,0.34532,0.4602,0.47655,0.57975,0.56446,0.34859,0.3642,0.66427,0.36618,0.32947,0.32368,0.3316,0.44599,0.40251,0.46948,0.39121,0.42315,0.33513,0.55498,0.37099,0.3586,0.43654,0.30943,0.53998,0.44167,0.43426,0.56475,0.5803,0.44911,0.34852,0.41845,0.35669,0.41725,0.37357,0.31548,0.39792,0.4331,0.59224,0.43918,0.31843,0.36603,0.40941,0.60046,0.57356,0.38684,0.40357,0.34711,0.49608,0.42564,0.6056,0.48073,0.31995,0.26188,0.23672,0.55041,0.59254,0.49392,0.58822,0.56987,0.47103,0.5952,0.46722,0.48481,0.5914,0.59906,0.23371,0.61041,0.5681,0.45442,0.57596,0.32412,0.63443,0.09178,0.03987,0.05603,0.02656,0.03592,0.03705,0.03195],[0.57462,0.74835,0.56726,0.41453,0.28362,0.3628,1,0.75274,0.59783,0.42889,0.41458,0.36859,0.8135,0.56886,0.38113,0.53553,0.5104,0.57922,0.50495,0.43705,0.55999,0.55041,0.42534,0.42848,0.52308,0.39066,0.39942,0.81315,0.61829,0.56753,0.32988,0.37405,0.51585,0.47838,0.65349,0.44864,0.50888,0.4931,0.70873,0.47887,0.82702,0.47423,0.53159,0.53236,0.59482,0.49969,0.42917,0.82734,0.54967,0.5469,0.7938,0.40201,0.59364,0.63821,0.51272,0.54907,0.44647,0.551,0.3937,0.57675,0.60852,0.44513,0.44969,0.46066,0.57213,0.42265,0.53711,0.35151,0.56512,0.61036,0.3554,0.53735,0.53818,0.52532,0.4488,0.59851,0.56344,0.53266,0.57972,0.30641,0.30276,0.1839,0.55766,0.42405,0.5741,0.35827,0.49012,0.44913,0.49062,0.40308,0.40877,0.46473,0.3419,0.44039,0.4055,0.49586,0.34933,0.52906,0.46229,0.3728,0.02994,0.11884,0.05669,0.01721,0.03429,0.05792,0.04338],[0.44841,0.58676,0.47646,0.4032,0.22741,0.33253,0.75274,1,0.51122,0.37003,0.31914,0.31766,0.6466,0.44587,0.28939,0.5187,0.45865,0.58273,0.39029,0.35979,0.51068,0.55598,0.38876,0.36734,0.46164,0.41932,0.3269,0.62571,0.58889,0.44213,0.24323,0.3132,0.52388,0.43003,0.48724,0.36914,0.44356,0.44238,0.69307,0.39337,0.67079,0.37562,0.41603,0.45849,0.56791,0.43856,0.33153,0.74315,0.54773,0.52751,0.79344,0.32177,0.53412,0.50707,0.54804,0.5193,0.46762,0.457,0.35064,0.5658,0.61051,0.40029,0.42999,0.45543,0.58501,0.42212,0.55868,0.30859,0.58575,0.57323,0.31456,0.5555,0.47142,0.55246,0.44682,0.46905,0.57287,0.51408,0.44741,0.31822,0.27627,0.18583,0.48583,0.4053,0.44608,0.37328,0.47604,0.37072,0.45641,0.33639,0.35087,0.42883,0.31159,0.34067,0.40149,0.50331,0.28016,0.53382,0.43627,0.34734,0.02577,0.09419,0.05747,0.02583,0.03507,0.03936,0.04391],[0.57319,0.56692,0.6248,0.36528,0.32696,0.32935,0.59783,0.51122,1,0.47877,0.42373,0.41702,0.54301,0.57654,0.42157,0.73866,0.45124,0.47777,0.47053,0.36775,0.50859,0.56006,0.39765,0.70533,0.39953,0.36435,0.47074,0.61207,0.56502,0.57768,0.34907,0.43004,0.40918,0.82602,0.62538,0.4401,0.81043,0.45149,0.54103,0.47704,0.54353,0.53814,0.48341,0.81916,0.72136,0.4629,0.43798,0.52426,0.54453,0.72552,0.50618,0.44302,0.80859,0.65229,0.46584,0.46881,0.52257,0.5581,0.38839,0.55578,0.69048,0.46945,0.72036,0.47558,0.71869,0.37417,0.73354,0.33932,0.64688,0.697,0.39727,0.47615,0.83106,0.71217,0.72283,0.59891,0.57451,0.47004,0.57186,0.36948,0.34693,0.25894,0.49508,0.34573,0.57484,0.32918,0.43139,0.48003,0.45905,0.46069,0.46935,0.4271,0.33167,0.45907,0.38929,0.45226,0.40119,0.47292,0.40523,0.33612,0.05918,0.11951,0.06795,0.03498,0.03633,0.05729,0.04298],[0.47049,0.47391,0.44061,0.35561,0.26876,0.29213,0.42889,0.37003,0.47877,1,0.36243,0.42135,0.41802,0.47194,0.3166,0.44173,0.37021,0.46584,0.446,0.43277,0.49165,0.39772,0.36429,0.41521,0.52362,0.2322,0.45664,0.46256,0.53128,0.43928,0.23418,0.35269,0.3226,0.46702,0.59565,0.39757,0.48824,0.37164,0.33626,0.40556,0.41786,0.6548,0.37758,0.52746,0.42939,0.51502,0.40265,0.3553,0.42504,0.39519,0.34792,0.38503,0.48153,0.47419,0.39507,0.3898,0.41563,0.33565,0.35675,0.40489,0.4559,0.47847,0.46194,0.44589,0.45825,0.38015,0.4038,0.26993,0.41929,0.39934,0.33983,0.40213,0.50833,0.47674,0.45804,0.4879,0.43161,0.36848,0.47901,0.34209,0.35546,0.23706,0.37789,0.32021,0.4657,0.32962,0.34893,0.48717,0.39359,0.4497,0.5103,0.36577,0.37588,0.30864,0.33666,0.34237,0.47068,0.41087,0.34215,0.36008,0.05561,0.1159,0.05072,0.02896,0.02882,0.03194,0.04324],[0.51882,0.47682,0.47839,0.51533,0.39103,0.45796,0.41458,0.31914,0.42373,0.36243,1,0.57624,0.42966,0.55208,0.44701,0.36284,0.43979,0.35117,0.78822,0.68327,0.33541,0.44339,0.43971,0.31741,0.42843,0.29624,0.52966,0.54853,0.43782,0.54331,0.48172,0.47688,0.37582,0.40182,0.51291,0.60219,0.4407,0.4005,0.35555,0.36937,0.46833,0.50673,0.48952,0.45044,0.36077,0.37196,0.59744,0.36104,0.41213,0.34318,0.28377,0.57886,0.42454,0.54674,0.41133,0.43145,0.35105,0.34221,0.34341,0.45399,0.35736,0.46164,0.36328,0.39559,0.36585,0.57109,0.34044,0.27854,0.30835,0.31919,0.51946,0.40984,0.42349,0.38978,0.47597,0.5689,0.4634,0.42115,0.54935,0.32822,0.42597,0.38921,0.412,0.54065,0.52836,0.56261,0.37344,0.60871,0.42265,0.56373,0.59981,0.40076,0.48414,0.33558,0.38182,0.38622,0.61446,0.43103,0.2948,0.60686,0.12869,0.05049,0.04499,0.01414,0.0497,0.04293,0.01552],[0.45038,0.43604,0.40563,0.44427,0.27409,0.40412,0.36859,0.31766,0.41702,0.42135,0.57624,1,0.34869,0.4616,0.41675,0.39003,0.40938,0.32939,0.62712,0.51239,0.37549,0.39454,0.41396,0.38867,0.37044,0.18455,0.44038,0.43588,0.36311,0.44764,0.33914,0.36591,0.37502,0.42716,0.41837,0.46443,0.41729,0.39121,0.32353,0.36496,0.36758,0.51732,0.3747,0.48097,0.36961,0.34363,0.53475,0.29646,0.41202,0.34718,0.26161,0.54341,0.43497,0.49416,0.40205,0.42084,0.37333,0.31208,0.34379,0.39997,0.3694,0.43123,0.41773,0.45358,0.38916,0.49332,0.35332,0.33051,0.33732,0.33564,0.50246,0.3887,0.4418,0.4144,0.43037,0.4519,0.41062,0.38379,0.45781,0.4406,0.50272,0.38704,0.37173,0.47289,0.44165,0.47512,0.36051,0.55888,0.4033,0.51879,0.55809,0.37612,0.49231,0.29319,0.38022,0.37461,0.56059,0.40949,0.29981,0.51285,0.08641,0.02823,0.02833,0.01714,0.01028,0.01317,0.0178],[0.62121,0.81301,0.53491,0.48853,0.30826,0.45207,0.8135,0.6466,0.54301,0.41802,0.42966,0.34869,1,0.62667,0.33643,0.61945,0.58293,0.56885,0.54884,0.42176,0.55354,0.50591,0.49172,0.39947,0.57456,0.47235,0.4059,0.87499,0.50885,0.61466,0.33015,0.3454,0.52975,0.47709,0.59108,0.49309,0.59516,0.49698,0.61564,0.40977,0.90155,0.46684,0.63158,0.56503,0.62565,0.51314,0.48526,0.80583,0.47451,0.60589,0.78064,0.43571,0.61728,0.56236,0.54822,0.57451,0.46802,0.48348,0.4565,0.48365,0.6381,0.4712,0.48496,0.43362,0.61328,0.45892,0.57612,0.34134,0.59183,0.65259,0.41507,0.56083,0.60074,0.56795,0.50902,0.65334,0.50834,0.58121,0.65191,0.27415,0.24792,0.18589,0.61352,0.45585,0.63746,0.3995,0.55188,0.44036,0.55989,0.49136,0.44167,0.58897,0.40198,0.46084,0.51045,0.5319,0.34484,0.56735,0.35789,0.41924,0.05825,0.15407,0.0738,0.03726,0.05676,0.0685,0.06793],[0.96119,0.66629,0.79833,0.41228,0.40134,0.46957,0.56886,0.44587,0.57654,0.47194,0.55208,0.4616,0.62667,1,0.47232,0.52958,0.74578,0.4686,0.64909,0.52833,0.51423,0.74054,0.49691,0.43605,0.5178,0.30808,0.51015,0.68029,0.53729,0.92034,0.42462,0.50124,0.48663,0.52314,0.66544,0.61276,0.56438,0.48907,0.49525,0.47982,0.60868,0.60467,0.622,0.63341,0.49596,0.52891,0.54966,0.47576,0.70643,0.46325,0.45984,0.549,0.5685,0.6591,0.71702,0.55116,0.61347,0.67388,0.64225,0.56666,0.52019,0.55112,0.49764,0.52439,0.50586,0.45427,0.46911,0.50478,0.45131,0.48991,0.47504,0.66282,0.638,0.52008,0.55371,0.93295,0.73191,0.71721,0.97567,0.31497,0.33848,0.28498,0.75094,0.46099,0.95881,0.42252,0.65907,0.58115,0.70932,0.57933,0.52892,0.73122,0.43214,0.57517,0.6764,0.69232,0.52044,0.67189,0.5394,0.48951,0.08218,0.09335,0.0585,0.02055,0.02666,0.02333,0.05122],[0.457,0.44273,0.42549,0.33936,0.40678,0.52926,0.38113,0.28939,0.42157,0.3166,0.44701,0.41675,0.33643,0.47232,1,0.33737,0.41108,0.27888,0.46978,0.46365,0.39001,0.4042,0.54039,0.30751,0.32816,0.22511,0.63664,0.40645,0.32019,0.43677,0.50635,0.58077,0.33357,0.36101,0.37105,0.60073,0.37976,0.4017,0.29928,0.33651,0.3387,0.42774,0.33222,0.44076,0.32712,0.29097,0.46184,0.32503,0.4057,0.30957,0.27087,0.51351,0.3862,0.47543,0.40152,0.38738,0.34344,0.37592,0.32575,0.37968,0.31298,0.3489,0.35502,0.4206,0.30715,0.44158,0.31728,0.32629,0.29333,0.308,0.45875,0.40379,0.44113,0.34126,0.34958,0.4443,0.4307,0.41768,0.46915,0.34549,0.34706,0.27317,0.39565,0.39609,0.47326,0.37459,0.36834,0.50572,0.41093,0.48438,0.47873,0.39809,0.37657,0.31898,0.38012,0.40835,0.47019,0.41051,0.33876,0.38184,0.08371,0.05516,0.06375,0.03959,0.03377,0.02555,0.07178],[0.51521,0.56255,0.48274,0.52137,0.28106,0.46811,0.53553,0.5187,0.73866,0.44173,0.36284,0.39003,0.61945,0.52958,0.33737,1,0.62229,0.55362,0.48163,0.32139,0.42604,0.49109,0.52442,0.67506,0.57215,0.44219,0.40544,0.5927,0.43255,0.53581,0.30197,0.36933,0.5282,0.75842,0.45958,0.46848,0.80353,0.46068,0.43974,0.39321,0.58786,0.52451,0.46964,0.78397,0.87254,0.44463,0.49861,0.57615,0.43121,0.90864,0.51748,0.45874,0.89806,0.50133,0.58231,0.58621,0.67276,0.40891,0.45987,0.4317,0.86891,0.46027,0.72304,0.43413,0.89539,0.51159,0.87736,0.35824,0.81237,0.87344,0.46584,0.61092,0.82469,0.86186,0.72631,0.54954,0.49055,0.61319,0.54653,0.34299,0.29379,0.2399,0.58865,0.47524,0.54848,0.4326,0.558,0.39217,0.63491,0.40461,0.42739,0.62938,0.44184,0.3767,0.59963,0.58038,0.36003,0.61205,0.37169,0.47403,0.01631,0.12329,0.05465,0.02853,0.0417,0.05953,0.04482],[0.73228,0.54473,0.67985,0.5251,0.32605,0.62627,0.5104,0.45865,0.45124,0.37021,0.43979,0.40938,0.58293,0.74578,0.41108,0.62229,1,0.50792,0.59775,0.39281,0.38877,0.6955,0.60386,0.39312,0.62287,0.37963,0.38717,0.56608,0.46579,0.75309,0.33022,0.44142,0.63741,0.43889,0.51148,0.51892,0.48349,0.41862,0.43116,0.43322,0.55495,0.50263,0.56061,0.52376,0.55812,0.46394,0.57477,0.49275,0.60255,0.58904,0.48354,0.5278,0.56981,0.53719,0.90086,0.68447,0.77637,0.58825,0.69992,0.4457,0.59423,0.47127,0.42401,0.46823,0.58371,0.55217,0.56944,0.5536,0.50579,0.58349,0.53554,0.9066,0.5174,0.54922,0.45797,0.78091,0.6764,0.95038,0.7551,0.30019,0.29728,0.22788,0.89131,0.57209,0.79232,0.53361,0.88215,0.41907,0.93423,0.40923,0.42021,0.92475,0.54301,0.47895,0.92634,0.89192,0.43745,0.88332,0.55058,0.64272,0.03425,0.06974,0.04475,0.02809,0.02886,0.04672,0.04048],[0.47583,0.49018,0.4368,0.53734,0.27638,0.37368,0.57922,0.58273,0.47777,0.46584,0.35117,0.32939,0.56885,0.4686,0.27888,0.55362,0.50792,1,0.4323,0.38748,0.3844,0.4639,0.47483,0.32834,0.69585,0.47298,0.33116,0.53778,0.58434,0.47666,0.31871,0.31667,0.48802,0.40512,0.59889,0.40329,0.44723,0.4152,0.4553,0.35329,0.57019,0.54655,0.42042,0.46025,0.56453,0.62863,0.41761,0.66149,0.42916,0.53437,0.57491,0.41144,0.50494,0.47289,0.54058,0.53453,0.49234,0.4186,0.41587,0.44528,0.59777,0.44536,0.41658,0.40951,0.58919,0.52346,0.58747,0.37034,0.62218,0.60671,0.35916,0.55082,0.4812,0.5087,0.45634,0.49858,0.47161,0.52967,0.4826,0.29205,0.26221,0.20925,0.58496,0.5116,0.49636,0.41266,0.54334,0.38972,0.53186,0.37047,0.37388,0.50101,0.39821,0.43343,0.4808,0.51167,0.30676,0.56103,0.3533,0.40511,0.01555,0.10805,0.04865,0.02311,0.04732,0.0431,0.03647],[0.6253,0.56229,0.57676,0.57221,0.41188,0.58001,0.50495,0.39029,0.47053,0.446,0.78822,0.62712,0.54884,0.64909,0.46978,0.48163,0.59775,0.4323,1,0.71096,0.36437,0.51557,0.57054,0.3684,0.53575,0.34406,0.5227,0.57316,0.44984,0.60265,0.43021,0.51316,0.5263,0.43618,0.56319,0.63625,0.46681,0.39819,0.40624,0.40464,0.52454,0.51806,0.57602,0.49733,0.45685,0.41924,0.66268,0.43046,0.4641,0.43196,0.3484,0.671,0.5164,0.5857,0.57357,0.58414,0.46657,0.42477,0.46583,0.50014,0.46216,0.55044,0.36451,0.44356,0.48484,0.65335,0.45681,0.31952,0.39854,0.44097,0.61872,0.5601,0.4989,0.45743,0.43375,0.67939,0.50521,0.58843,0.65679,0.36091,0.42118,0.35296,0.58204,0.65642,0.66532,0.6194,0.54031,0.62681,0.56673,0.62344,0.63165,0.56761,0.61155,0.30638,0.52927,0.54325,0.70548,0.59621,0.37944,0.75361,0.15682,0.05941,0.06865,0.03524,0.04797,0.03636,0.04025],[0.52524,0.46448,0.43122,0.45886,0.30987,0.37894,0.43705,0.35979,0.36775,0.43277,0.68327,0.51239,0.42176,0.52833,0.46365,0.32139,0.39281,0.38748,0.71096,1,0.36552,0.40914,0.40713,0.33297,0.41882,0.28329,0.47041,0.49602,0.39822,0.51342,0.43258,0.42977,0.35464,0.3914,0.47517,0.56206,0.34502,0.40028,0.3538,0.34226,0.44796,0.4382,0.39673,0.43086,0.34848,0.34532,0.53392,0.37621,0.44534,0.29976,0.3008,0.54481,0.40275,0.49852,0.39209,0.40476,0.33847,0.30415,0.33345,0.43851,0.37104,0.48156,0.34044,0.3866,0.36819,0.51917,0.33304,0.29202,0.30968,0.32472,0.49447,0.37903,0.38223,0.3899,0.37688,0.51903,0.43388,0.38967,0.54396,0.3487,0.43531,0.38123,0.39774,0.51122,0.51559,0.48484,0.37709,0.6426,0.39836,0.52483,0.59352,0.37421,0.44643,0.29571,0.33396,0.37011,0.60406,0.40276,0.30706,0.54119,0.10636,0.05495,0.03942,0.00671,0.04217,0.01142,0.04736],[0.50504,0.69437,0.46349,0.30747,0.22146,0.28969,0.55999,0.51068,0.50859,0.49165,0.33541,0.37549,0.55354,0.51423,0.39001,0.42604,0.38877,0.3844,0.36437,0.36552,1,0.46147,0.32883,0.41874,0.35985,0.24088,0.39865,0.61785,0.47215,0.48576,0.26329,0.33515,0.37159,0.46124,0.47202,0.3658,0.4951,0.59782,0.56771,0.46329,0.57144,0.51203,0.45124,0.58597,0.4153,0.44093,0.40739,0.47472,0.49787,0.40154,0.51447,0.42403,0.47359,0.53855,0.39664,0.41458,0.37531,0.39133,0.37931,0.46544,0.43421,0.39802,0.50881,0.63537,0.42331,0.33886,0.40615,0.32607,0.40885,0.41831,0.3516,0.40223,0.5332,0.42811,0.47575,0.50257,0.49503,0.38353,0.5117,0.38288,0.35557,0.338,0.37152,0.33283,0.49699,0.33365,0.36387,0.48777,0.38045,0.41316,0.42161,0.35738,0.33108,0.31907,0.34567,0.36893,0.39484,0.40209,0.30551,0.2886,0.03448,0.08942,0.02999,0.00646,0.01572,0.01821,0.03086],[0.72985,0.52986,0.78125,0.40288,0.33573,0.42615,0.55041,0.55598,0.56006,0.39772,0.44339,0.39454,0.50591,0.74054,0.4042,0.49109,0.6955,0.4639,0.51557,0.40914,0.46147,1,0.44672,0.39531,0.46049,0.2845,0.42108,0.52142,0.72727,0.7392,0.34542,0.45814,0.5291,0.4509,0.58582,0.50545,0.45939,0.39026,0.69627,0.46436,0.48159,0.49626,0.50504,0.52964,0.45817,0.46963,0.46954,0.45378,0.85317,0.45098,0.49494,0.44768,0.50703,0.61114,0.72908,0.54173,0.59236,0.65783,0.56171,0.79409,0.49986,0.43362,0.41539,0.51866,0.4856,0.42113,0.46846,0.48633,0.42049,0.47102,0.39695,0.72671,0.52548,0.47591,0.47105,0.72979,0.94367,0.71971,0.72754,0.29518,0.32952,0.22847,0.72438,0.42031,0.74975,0.39953,0.68012,0.45344,0.67979,0.43412,0.42531,0.6657,0.39001,0.52418,0.64368,0.71927,0.40941,0.69266,0.63444,0.43742,0.0402,0.07378,0.05874,0.02961,0.02625,0.02059,0.04044],[0.49247,0.47326,0.39509,0.60665,0.50011,0.83312,0.42534,0.38876,0.39765,0.36429,0.43971,0.41396,0.49172,0.49691,0.54039,0.52442,0.60386,0.47483,0.57054,0.40713,0.32883,0.44672,1,0.31578,0.59969,0.40102,0.68325,0.50778,0.41225,0.48176,0.52296,0.59629,0.55185,0.4177,0.42791,0.68951,0.41601,0.38013,0.37177,0.33647,0.47937,0.49713,0.42734,0.47442,0.51671,0.40267,0.58309,0.43941,0.39543,0.49265,0.37754,0.55228,0.51824,0.44764,0.55693,0.58446,0.49856,0.35386,0.41907,0.40303,0.50091,0.37153,0.37959,0.4068,0.51555,0.6635,0.50893,0.30583,0.51,0.5127,0.5486,0.56981,0.45208,0.48315,0.40978,0.51143,0.45208,0.58432,0.51351,0.37339,0.29226,0.21593,0.55068,0.60514,0.52479,0.546,0.53613,0.53234,0.58542,0.50799,0.54202,0.5764,0.61997,0.28443,0.61288,0.5515,0.44636,0.58331,0.34838,0.58216,0.0556,0.11827,0.07016,0.03028,0.04088,0.03536,0.03149],[0.42612,0.46947,0.43318,0.30069,0.24012,0.25867,0.42848,0.36734,0.70533,0.41521,0.31741,0.38867,0.39947,0.43605,0.30751,0.67506,0.39312,0.32834,0.3684,0.33297,0.41874,0.39531,0.31578,1,0.33595,0.26495,0.37424,0.46331,0.35597,0.46964,0.23525,0.29767,0.34282,0.80541,0.39754,0.33392,0.68826,0.40109,0.38847,0.37182,0.406,0.47263,0.34386,0.76045,0.65408,0.34652,0.39045,0.35282,0.40637,0.66784,0.36062,0.34672,0.77645,0.461,0.38568,0.36036,0.47956,0.35128,0.34404,0.37942,0.65234,0.37617,0.68544,0.43053,0.67667,0.31978,0.67946,0.3679,0.54913,0.62016,0.34515,0.40061,0.72696,0.68056,0.67719,0.43325,0.41157,0.39274,0.432,0.36278,0.37599,0.28666,0.3884,0.29526,0.42944,0.30558,0.36691,0.39216,0.44157,0.31175,0.37609,0.38331,0.26697,0.31954,0.36402,0.38006,0.38063,0.39921,0.36241,0.32936,0.02752,0.0687,0.00905,-0.00025,0.00721,0.00165,-0.00172],[0.52059,0.51401,0.43906,0.69987,0.33056,0.50712,0.52308,0.46164,0.39953,0.52362,0.42843,0.37044,0.57456,0.5178,0.32816,0.57215,0.62287,0.69585,0.53575,0.41882,0.35985,0.46049,0.59969,0.33595,1,0.39398,0.40762,0.54987,0.64613,0.51851,0.325,0.37254,0.59015,0.41223,0.69155,0.46403,0.43244,0.38866,0.39136,0.39141,0.53374,0.67761,0.49094,0.47263,0.61786,0.66877,0.54624,0.53287,0.40696,0.57407,0.47651,0.48798,0.54972,0.50107,0.58356,0.67175,0.56012,0.36059,0.46189,0.44471,0.61358,0.45665,0.38898,0.44547,0.58984,0.6369,0.55905,0.29882,0.58356,0.64724,0.41982,0.60589,0.47518,0.55318,0.41161,0.52267,0.4608,0.60158,0.53299,0.343,0.29303,0.18063,0.57294,0.57198,0.55966,0.50756,0.56611,0.46463,0.64073,0.42676,0.45984,0.62413,0.54859,0.33421,0.59459,0.58163,0.42059,0.61907,0.35948,0.56794,0.02915,0.13185,0.04129,0.03643,0.05197,0.04388,0.07816],[0.28874,0.34527,0.24639,0.40675,0.23249,0.3932,0.39066,0.41932,0.36435,0.2322,0.29624,0.18455,0.47235,0.30808,0.22511,0.44219,0.37963,0.47298,0.34406,0.28329,0.24088,0.2845,0.40102,0.26495,0.39398,1,0.29721,0.45313,0.30799,0.32112,0.26008,0.21349,0.33737,0.33515,0.31588,0.30881,0.39309,0.25362,0.34392,0.22315,0.454,0.27536,0.33074,0.36498,0.45977,0.30587,0.29696,0.48822,0.22951,0.49251,0.43406,0.25934,0.40315,0.2804,0.35039,0.33972,0.3634,0.23973,0.3032,0.25484,0.46999,0.29151,0.34321,0.26766,0.48449,0.36732,0.49729,0.19665,0.46067,0.48137,0.27019,0.38409,0.37429,0.42712,0.37842,0.32927,0.28756,0.38307,0.30838,0.14449,0.08326,0.09697,0.37407,0.3334,0.30947,0.28402,0.35525,0.26351,0.34539,0.28475,0.26186,0.36714,0.26977,0.2407,0.3466,0.33479,0.2356,0.37543,0.14648,0.3584,0.04918,0.10161,0.03676,0.01836,0.03566,0.0632,0.03164],[0.47009,0.46329,0.45514,0.46164,0.56946,0.60315,0.39942,0.3269,0.47074,0.45664,0.52966,0.44038,0.4059,0.51015,0.63664,0.40544,0.38717,0.33116,0.5227,0.47041,0.39865,0.42108,0.68325,0.37424,0.40762,0.29721,1,0.50017,0.40114,0.51086,0.53348,0.6146,0.34303,0.49645,0.4579,0.6526,0.44782,0.39192,0.35117,0.33234,0.43546,0.54206,0.35645,0.53883,0.44202,0.35653,0.53972,0.35711,0.40643,0.3782,0.29535,0.5321,0.5039,0.4966,0.38423,0.39898,0.37868,0.37179,0.33529,0.41227,0.43395,0.39801,0.47242,0.41719,0.41044,0.51169,0.39259,0.27306,0.37353,0.39183,0.52528,0.3721,0.49572,0.44834,0.46801,0.50216,0.44881,0.4065,0.49302,0.39883,0.37191,0.29363,0.38996,0.41456,0.49274,0.41356,0.34027,0.6534,0.41195,0.57544,0.65102,0.38783,0.47038,0.3298,0.36442,0.37119,0.53849,0.40719,0.29372,0.39894,0.06407,0.11804,0.07325,0.02505,0.03272,0.00587,0.02029],[0.68191,0.82917,0.55151,0.46425,0.35193,0.47322,0.81315,0.62571,0.61207,0.46256,0.54853,0.43588,0.87499,0.68029,0.40645,0.5927,0.56608,0.53778,0.57316,0.49602,0.61785,0.52142,0.50778,0.46331,0.54987,0.45313,0.50017,1,0.55913,0.70689,0.42923,0.41592,0.49491,0.55425,0.66375,0.57989,0.62626,0.57755,0.65788,0.46889,0.91058,0.57083,0.63095,0.64822,0.60975,0.51849,0.56856,0.73839,0.53674,0.58609,0.72833,0.47581,0.64109,0.63775,0.51721,0.54419,0.45267,0.51543,0.44638,0.5091,0.6104,0.5117,0.5677,0.47916,0.58964,0.4595,0.54527,0.37867,0.5503,0.59559,0.4533,0.52396,0.63573,0.58854,0.59183,0.68135,0.55169,0.54222,0.68953,0.30858,0.30699,0.26903,0.56529,0.44509,0.65636,0.42637,0.48957,0.57215,0.52442,0.57158,0.51827,0.53262,0.41914,0.52284,0.4911,0.506,0.43432,0.52058,0.37886,0.42943,0.04354,0.12162,0.05575,0.0179,0.03787,0.05534,0.03504],[0.5408,0.52024,0.56952,0.47909,0.35163,0.34532,0.61829,0.58889,0.56502,0.53128,0.43782,0.36311,0.50885,0.53729,0.32019,0.43255,0.46579,0.58434,0.44985,0.39822,0.47215,0.72727,0.41225,0.35597,0.64613,0.30799,0.40114,0.55913,1,0.53811,0.33919,0.3948,0.46953,0.43914,0.81343,0.42786,0.43641,0.37064,0.71466,0.44634,0.52411,0.60136,0.47981,0.48397,0.46246,0.63185,0.39309,0.54268,0.66277,0.43252,0.53698,0.37887,0.4705,0.55962,0.49893,0.4902,0.44388,0.50878,0.39776,0.70142,0.49945,0.37547,0.38883,0.47924,0.45669,0.44345,0.43216,0.29525,0.45044,0.47156,0.31611,0.53348,0.47107,0.44471,0.42664,0.54732,0.72444,0.49478,0.53012,0.32064,0.30406,0.18539,0.4768,0.3989,0.54626,0.38202,0.46001,0.46139,0.46347,0.40834,0.42755,0.43288,0.3688,0.42891,0.40329,0.4947,0.35297,0.51032,0.4592,0.38013,0.04675,0.10396,0.06376,0.04069,0.03873,0.05057,0.0441],[0.91448,0.62214,0.7936,0.427,0.4166,0.4602,0.56753,0.44213,0.57768,0.43928,0.54331,0.44764,0.61466,0.92034,0.43677,0.53581,0.75309,0.47666,0.60265,0.51342,0.48576,0.7392,0.48176,0.46964,0.51851,0.32112,0.51086,0.70689,0.53811,1,0.436,0.46459,0.49864,0.55562,0.66264,0.57833,0.53408,0.46914,0.50174,0.50348,0.62844,0.59203,0.61193,0.64215,0.52028,0.50449,0.57026,0.48372,0.72219,0.48361,0.48354,0.5191,0.59323,0.67817,0.71967,0.5464,0.6249,0.71359,0.63417,0.5524,0.55911,0.52994,0.53195,0.52537,0.51211,0.43737,0.4798,0.54421,0.44846,0.50976,0.48752,0.67313,0.59847,0.53781,0.56656,0.88342,0.73217,0.7372,0.91603,0.33097,0.3599,0.30402,0.75961,0.44282,0.89835,0.4201,0.68683,0.58007,0.73389,0.55633,0.51608,0.75848,0.40927,0.64611,0.7012,0.73541,0.50061,0.68089,0.54159,0.4661,0.05651,0.09063,0.04677,0.0114,0.02389,0.01535,0.03477],[0.43741,0.37539,0.37988,0.34945,0.42747,0.47655,0.32988,0.24323,0.34907,0.23418,0.48172,0.33914,0.33015,0.42462,0.50635,0.30197,0.33022,0.31871,0.43021,0.43258,0.26329,0.34542,0.52296,0.23525,0.325,0.26008,0.53348,0.42923,0.33919,0.436,1,0.59364,0.27547,0.33571,0.41801,0.70839,0.35464,0.37916,0.28485,0.28635,0.34721,0.3654,0.34303,0.40612,0.31947,0.35503,0.37768,0.30278,0.34031,0.28489,0.25431,0.44384,0.34429,0.40913,0.31037,0.30678,0.26419,0.3192,0.26011,0.3311,0.2938,0.31612,0.30669,0.30277,0.2875,0.36239,0.28077,0.22293,0.29977,0.30154,0.40172,0.2997,0.36479,0.3143,0.3311,0.42369,0.37105,0.32115,0.42994,0.24334,0.26257,0.24389,0.34408,0.40543,0.40883,0.3749,0.29208,0.4543,0.31373,0.42565,0.43687,0.32575,0.3029,0.33594,0.30028,0.30851,0.34362,0.31516,0.24271,0.32413,0.04158,0.03403,0.06814,0.0217,0.04216,0.0245,0.01152],[0.47591,0.44213,0.48711,0.37074,0.47276,0.57975,0.37405,0.3132,0.43004,0.35269,0.47688,0.36591,0.3454,0.50124,0.58077,0.36933,0.44142,0.31667,0.51316,0.42977,0.33515,0.45814,0.59629,0.29767,0.37254,0.21349,0.6146,0.41592,0.3948,0.46459,0.59364,1,0.36831,0.36509,0.46394,0.7556,0.37911,0.40286,0.32726,0.36899,0.34997,0.46058,0.36443,0.42042,0.34359,0.33808,0.46088,0.31035,0.44515,0.32104,0.25486,0.54063,0.40186,0.48302,0.43478,0.42385,0.39399,0.4193,0.36705,0.41694,0.3436,0.38865,0.31462,0.38727,0.3644,0.42716,0.35176,0.30535,0.32668,0.31607,0.47229,0.42118,0.44033,0.35295,0.38213,0.49233,0.47171,0.44769,0.49742,0.34242,0.35016,0.28507,0.45522,0.47654,0.49413,0.44602,0.41244,0.44565,0.43922,0.4634,0.46537,0.42391,0.38104,0.32487,0.40776,0.437,0.43656,0.44816,0.38547,0.39554,0.06438,0.05151,0.08531,0.03262,0.0475,0.03251,0.03871],[0.49225,0.48595,0.47034,0.55021,0.29619,0.56446,0.51585,0.52388,0.40918,0.3226,0.37582,0.37502,0.52975,0.48663,0.33357,0.5282,0.63741,0.48802,0.5263,0.35464,0.37159,0.5291,0.55185,0.34282,0.59015,0.33737,0.34303,0.49491,0.46953,0.49864,0.27547,0.36831,1,0.38345,0.46233,0.45646,0.41005,0.33592,0.47698,0.59536,0.48675,0.41421,0.70958,0.45379,0.51877,0.47298,0.57208,0.48397,0.47225,0.51395,0.50611,0.46007,0.51191,0.70201,0.65561,0.87728,0.49912,0.44797,0.44894,0.63735,0.5238,0.60063,0.3571,0.62237,0.52093,0.51143,0.5223,0.32353,0.45861,0.52382,0.45414,0.65029,0.46279,0.4899,0.39093,0.51366,0.52156,0.65795,0.50819,0.32131,0.26043,0.1905,0.60703,0.54885,0.51922,0.50652,0.66298,0.40726,0.61604,0.38316,0.38178,0.63766,0.49846,0.32711,0.63249,0.69221,0.40512,0.63997,0.39637,0.60005,0.03629,0.05953,0.04031,0.02526,0.03635,0.03624,0.04456],[0.51099,0.5284,0.50804,0.38118,0.30341,0.34859,0.47838,0.43003,0.82602,0.46702,0.40182,0.42716,0.47709,0.52314,0.36101,0.75842,0.43889,0.40512,0.43618,0.3914,0.46124,0.4509,0.4177,0.80541,0.41223,0.33515,0.49645,0.55425,0.43914,0.55562,0.33571,0.36509,0.38345,1,0.49275,0.42258,0.78634,0.44234,0.43028,0.40516,0.50989,0.53849,0.40876,0.85777,0.75825,0.41539,0.44276,0.42355,0.44268,0.73543,0.40566,0.41601,0.87921,0.52228,0.42787,0.42375,0.52814,0.39383,0.37939,0.43471,0.73758,0.45601,0.76014,0.45415,0.7684,0.39408,0.76124,0.34593,0.6402,0.70006,0.41441,0.43497,0.81367,0.79204,0.74364,0.52248,0.46711,0.43106,0.51388,0.39208,0.37261,0.28281,0.43356,0.34529,0.51229,0.37058,0.40072,0.49049,0.479,0.41017,0.49301,0.42712,0.35568,0.35738,0.40671,0.41281,0.42159,0.44498,0.34535,0.36497,0.02805,0.10604,0.03202,0.01105,0.02377,0.01601,0.0216],[0.678,0.59424,0.6833,0.47623,0.41565,0.3642,0.65349,0.48724,0.62538,0.59565,0.51291,0.41837,0.59108,0.66544,0.37105,0.45958,0.51148,0.59889,0.56319,0.47517,0.47202,0.58582,0.42791,0.39754,0.69155,0.31588,0.4579,0.66375,0.81343,0.66264,0.41801,0.46394,0.46233,0.49275,1,0.52674,0.48695,0.41689,0.55739,0.51802,0.60502,0.67037,0.58321,0.54628,0.49678,0.67446,0.44859,0.53186,0.59241,0.43932,0.52238,0.44473,0.51796,0.68002,0.5246,0.53041,0.4534,0.5725,0.44087,0.55537,0.50523,0.47103,0.43017,0.47753,0.47405,0.43481,0.44971,0.33,0.4679,0.49516,0.35575,0.51851,0.53125,0.48163,0.4584,0.68506,0.59981,0.52878,0.67274,0.33244,0.32638,0.21108,0.55499,0.40525,0.66186,0.36806,0.48231,0.5367,0.48824,0.48057,0.47828,0.4704,0.36573,0.47561,0.41642,0.50082,0.42403,0.51765,0.40732,0.41303,0.0677,0.11461,0.05417,0.0298,0.03417,0.05318,0.03833],[0.61013,0.55342,0.51263,0.48291,0.51525,0.66427,0.44864,0.36914,0.4401,0.39757,0.60219,0.46443,0.49309,0.61276,0.60073,0.46848,0.51892,0.40329,0.63625,0.56206,0.3658,0.50545,0.68951,0.33392,0.46403,0.30881,0.6526,0.57989,0.42786,0.57833,0.70839,0.7556,0.45646,0.42258,0.52674,1,0.45943,0.48875,0.36998,0.37518,0.48705,0.50791,0.5002,0.5183,0.42735,0.38471,0.58131,0.39799,0.49165,0.42158,0.33667,0.6057,0.483,0.549,0.5077,0.52111,0.41402,0.41471,0.40088,0.46953,0.42829,0.46538,0.40288,0.42494,0.4466,0.51356,0.44938,0.31739,0.40497,0.40436,0.57505,0.47505,0.51505,0.45278,0.45497,0.5986,0.51077,0.50339,0.63312,0.31821,0.34854,0.34614,0.5242,0.56871,0.58362,0.54308,0.47656,0.60923,0.49037,0.62484,0.5922,0.49272,0.4757,0.38653,0.47761,0.48,0.5309,0.49696,0.38244,0.51972,0.08069,0.05318,0.07246,0.02528,0.05152,0.02227,0.03051],[0.54416,0.60722,0.51202,0.39068,0.27393,0.36618,0.50888,0.44356,0.81043,0.48824,0.4407,0.41729,0.59516,0.56438,0.37976,0.80353,0.48349,0.44723,0.46681,0.34502,0.4951,0.45939,0.41601,0.68826,0.43244,0.39309,0.44782,0.62626,0.43641,0.53408,0.35464,0.37911,0.41005,0.78634,0.48695,0.45943,1,0.46684,0.45082,0.41262,0.5843,0.54659,0.52835,0.81717,0.71088,0.46539,0.4504,0.48761,0.43392,0.81289,0.46929,0.44043,0.8018,0.54507,0.44865,0.45921,0.51932,0.41896,0.38299,0.44424,0.68512,0.51572,0.73811,0.45365,0.72544,0.3916,0.71278,0.35108,0.67681,0.69844,0.40888,0.46296,0.89456,0.73935,0.77328,0.59849,0.48676,0.4572,0.57119,0.32724,0.32367,0.26544,0.46171,0.37861,0.56333,0.37481,0.41438,0.43718,0.48025,0.47399,0.47819,0.47625,0.36288,0.42187,0.43849,0.42676,0.41413,0.45731,0.34497,0.38302,0.05617,0.11945,0.06568,0.03465,0.04297,0.08223,0.04146],[0.47845,0.74138,0.39362,0.33874,0.25149,0.32947,0.4931,0.44238,0.45149,0.37164,0.4005,0.39121,0.49698,0.48907,0.4017,0.46068,0.41862,0.4152,0.39819,0.40028,0.59782,0.39026,0.38013,0.40109,0.38866,0.25362,0.39193,0.57755,0.37064,0.46914,0.37916,0.40286,0.33592,0.44234,0.41689,0.48875,0.46684,1,0.38307,0.33434,0.52015,0.53936,0.36737,0.56041,0.43838,0.39353,0.46117,0.43417,0.39305,0.41378,0.40003,0.46321,0.47946,0.44139,0.38371,0.40701,0.38388,0.32541,0.31589,0.36458,0.43394,0.4542,0.55025,0.41776,0.48097,0.4033,0.45683,0.35682,0.42432,0.43807,0.38812,0.4025,0.4996,0.45643,0.52767,0.4646,0.40947,0.3878,0.49202,0.28309,0.31234,0.28661,0.41288,0.40981,0.47122,0.35334,0.34661,0.4872,0.39101,0.39057,0.41972,0.38476,0.35338,0.33634,0.38801,0.36204,0.39243,0.40883,0.28679,0.29977,0.03541,0.10202,0.03415,0.0235,0.05036,0.02863,0.02707],[0.50439,0.59211,0.51596,0.34966,0.25885,0.32368,0.70873,0.69307,0.54103,0.33626,0.35555,0.32353,0.61564,0.49525,0.29928,0.43974,0.43116,0.4553,0.40624,0.3538,0.56771,0.69627,0.37177,0.38847,0.39136,0.34392,0.35117,0.65788,0.71466,0.50174,0.28485,0.32726,0.47698,0.43028,0.55739,0.36998,0.45082,0.38307,1,0.44359,0.66525,0.37675,0.47732,0.46701,0.44809,0.40659,0.37952,0.58825,0.64704,0.43651,0.67484,0.33398,0.47534,0.53089,0.45591,0.46658,0.36719,0.50194,0.32557,0.70864,0.47794,0.35302,0.40343,0.4713,0.45136,0.34981,0.42155,0.30726,0.41846,0.45812,0.31535,0.50376,0.46947,0.43505,0.42788,0.50928,0.70779,0.46139,0.48735,0.2754,0.22347,0.1958,0.43965,0.34133,0.49351,0.32707,0.43447,0.3976,0.40714,0.35416,0.35884,0.39452,0.31329,0.35977,0.37287,0.45602,0.29729,0.46423,0.44538,0.33489,0.04478,0.11407,0.06985,0.03317,0.04179,0.0494,0.04238],[0.48343,0.44956,0.50615,0.33403,0.22802,0.3316,0.47887,0.39337,0.47704,0.40556,0.36937,0.36496,0.40977,0.47982,0.33651,0.39321,0.43322,0.35329,0.40464,0.34226,0.46329,0.46436,0.33647,0.37182,0.39141,0.22315,0.33234,0.46889,0.44634,0.50348,0.28635,0.36899,0.59536,0.40516,0.51802,0.37518,0.41262,0.33434,0.44359,1,0.43821,0.44287,0.60629,0.45022,0.38903,0.41372,0.4266,0.37195,0.49883,0.37676,0.41327,0.35999,0.43483,0.70519,0.43497,0.58601,0.39865,0.49314,0.39628,0.57793,0.40852,0.53862,0.38186,0.65202,0.38433,0.29849,0.38444,0.36329,0.36907,0.37511,0.32501,0.43788,0.43641,0.38012,0.42063,0.49561,0.4844,0.43153,0.48612,0.37079,0.38205,0.30707,0.40732,0.31184,0.47125,0.30443,0.4258,0.3696,0.4171,0.31598,0.31798,0.41565,0.278,0.38907,0.39622,0.44713,0.36061,0.42914,0.37731,0.35379,0.04934,0.04998,0.02976,0.01406,0.01652,0.02558,0.02459],[0.6161,0.79324,0.5065,0.44707,0.30726,0.44599,0.82702,0.67079,0.54353,0.41786,0.46833,0.36758,0.90155,0.60868,0.3387,0.58786,0.55495,0.57019,0.52454,0.44796,0.57144,0.48159,0.47937,0.406,0.53374,0.454,0.43546,0.91058,0.52411,0.62844,0.34721,0.34997,0.48675,0.50989,0.60502,0.48705,0.5843,0.52015,0.66525,0.43821,1,0.4717,0.58151,0.56396,0.60646,0.47807,0.498,0.78245,0.48127,0.58247,0.7699,0.40302,0.62671,0.55998,0.50918,0.52037,0.44878,0.49077,0.42425,0.45341,0.64237,0.48437,0.52899,0.42423,0.58924,0.44688,0.53419,0.36661,0.56276,0.59892,0.43192,0.5146,0.57061,0.58748,0.55736,0.63181,0.50362,0.53998,0.62677,0.28623,0.27459,0.21503,0.56184,0.43074,0.59943,0.41769,0.50083,0.47405,0.53131,0.46273,0.44903,0.53679,0.39306,0.46804,0.48622,0.49124,0.35949,0.5125,0.34845,0.415,0.04104,0.12842,0.06298,0.02031,0.04677,0.06826,0.04767],[0.5812,0.57856,0.50059,0.49455,0.36248,0.40251,0.47423,0.37562,0.53814,0.6548,0.50673,0.51732,0.46684,0.60467,0.42774,0.52451,0.50263,0.54655,0.51806,0.4382,0.51203,0.49626,0.49713,0.47263,0.67761,0.27536,0.54206,0.57083,0.60136,0.59203,0.3654,0.46058,0.41421,0.53849,0.67037,0.50791,0.54659,0.53936,0.37675,0.44287,0.4717,1,0.46773,0.65548,0.53716,0.61732,0.56255,0.39951,0.47876,0.47079,0.3745,0.56448,0.56346,0.58587,0.48215,0.50736,0.49946,0.3854,0.45229,0.4794,0.52213,0.51573,0.56471,0.51341,0.50717,0.49255,0.47601,0.36411,0.47412,0.50063,0.44664,0.49168,0.61653,0.53784,0.58642,0.57923,0.50994,0.47508,0.59522,0.38701,0.43507,0.31206,0.47972,0.45797,0.58238,0.44747,0.42895,0.5899,0.50362,0.52606,0.55417,0.47948,0.45723,0.44068,0.47935,0.46256,0.56345,0.50521,0.37771,0.43241,0.06248,0.11943,0.04394,0.02481,0.03395,0.02103,0.02903],[0.62416,0.5989,0.55893,0.45304,0.30951,0.46948,0.53159,0.41603,0.48341,0.37758,0.48952,0.3747,0.63158,0.622,0.33222,0.46964,0.56061,0.42042,0.57602,0.39673,0.45124,0.50504,0.42734,0.34386,0.49094,0.33074,0.35645,0.63095,0.47981,0.61193,0.34303,0.36443,0.70958,0.40876,0.58321,0.5002,0.52835,0.36737,0.47732,0.60629,0.58151,0.46773,1,0.49808,0.44246,0.49348,0.52765,0.4611,0.45402,0.44022,0.47825,0.43389,0.48137,0.7342,0.51829,0.69596,0.40725,0.49295,0.45486,0.59316,0.44197,0.6597,0.40828,0.599,0.43308,0.38233,0.42431,0.36422,0.40828,0.43328,0.41069,0.50777,0.54178,0.42324,0.45011,0.66371,0.49659,0.5301,0.63588,0.2831,0.26629,0.2346,0.53513,0.41199,0.63505,0.40699,0.52852,0.44384,0.49374,0.4861,0.44173,0.55187,0.41363,0.43869,0.5072,0.52097,0.46966,0.4915,0.38053,0.51138,0.09915,0.08602,0.05189,0.02763,0.03923,0.05856,0.04375],[0.62082,0.62204,0.56966,0.43426,0.33658,0.39121,0.53236,0.45849,0.81916,0.52746,0.45044,0.48097,0.56503,0.63341,0.44076,0.78397,0.52376,0.46025,0.49733,0.43086,0.58597,0.52964,0.47442,0.76045,0